8.3807755842
8.4523649643
-4.5648066218
-4.8478870992
-2.8886421844
-0.6895708373
-4.8478870992
-1.4288621030
-4.7918979853
-2.7720942694
-2.7720942694
-3.0957545680
-3.4274895514
-5.1155582840
9.1194285335
-3.6346019351
-3.7573368263
-5.5013946728
-5.4454055588
-5.3428195784
-4.8882027781
-6.7554477933
-5.2531856532
-5.2531856532
-6.9767143202
-6.9767143202
-3.9978456179
3.2222434519
-4.3276928927
-3.9644492099
-5.6544056510
-4.8002216099
-4.5561782329
-5.0503183379
-5.1697298528
-4.4809657986
-5.6452432084
-4.8002216099
-1.8431332432
-6.4901780509
-5.2539516162
-7.5155616872
-5.2539516162
-5.1697298528
-8.5211118823
-8.5211118823
-8.5211118823
-8.5211118823
-3.2838828034
-5.9750904833
-3.0310794599
-6.4313074289
-5.2106186115
-3.8205308652
-2.4046187870
-5.5822581136
-4.6184468458
-5.8000286901
-8.5211118823
-8.5211118823
-8.5211118823
-4.8560469277
-7.0989677968
-5.8191077003
3.0289821791
-5.5404658864
-3.1392275284
-2.2103188879
-8.1072907102
-0.8929800202
4.0904210682
1.9326696419
-6.3845280062
-2.5691638292
-3.6341038015
-1.8575885148
-7.4288150716
-4.6958906887
4.7316629295
-6.8758506436
-6.4692943755
-7.1198940205
-3.4716243388
-7.7286837664
-7.7286837664
-7.7286837664
-7.1198940205
-8.1072907102
-2.2815645898
-7.6836737193
-7.7286837664
-7.0610233985
-5.7172544733
-5.4542192458
-6.8350432136
-7.5841126536
-5.7547364324
-8.5211118823
13.4313806953
-8.5211118823
-6.3666323207
-5.2188765367
-7.6863527155
7.9631610922
2.9645801064
-8.5211118823
-8.5211118823
-8.5211118823
-6.2645575216
-3.4165742883
1.1653263477
-7.6708156136
-7.6057077127
-8.5211118823
-8.5211118823
-8.5211118823
-8.5211118823
-8.5211118823
-6.8346212208
-6.8346212208
-5.1319404705
-5.7381984034
-6.1053840481
-5.7731823318
-6.1820794622
3.4182511029
-6.4063608366
-5.1319404705
-6.4063608366
-5.1319404705
-7.8426362438
-7.8426362438
-7.8426362438
-7.8426362438
-3.6818937134
-1.5364830282
-5.4712708020
-3.0623500889
-8.2998453555
-8.2998453555
-8.2998453555
-8.2998453555
-3.7783995462
-3.8474561833
10.2216761577
7.6077897666
-0.9196422388
-4.4620507104
-5.1155582840
-4.8882027781
-4.2388249306
-6.0402420398
-4.2263309581
-6.7554477933
-4.0287866008
-3.8274582251
-3.7912875553
-6.0889580532
-5.5830329281
-5.4270501451
-5.3007310389
-5.5830329281
-4.3565067651
-1.9046519637
-2.3462396980
-4.3565067651
-6.6864395360
-6.6864395360
-5.7452742536
-8.5211118823
-8.5211118823
-3.7548719984
-3.1829752427
-3.1848082992
-3.0310794599
-8.5211118823
-8.5211118823
-8.5211118823
-8.5211118823
-6.0212952169
-3.6113541532
-6.9304829129
-6.6748027904
-3.7575500748
-4.6958906887
-4.5866780832
-4.6563754599
-4.4056992269
-5.0196668436
-7.0610233985
-6.8350432136
-1.6659769173
-8.5211118823
-8.5211118823
-2.7351255527
-2.7351255527
0.4378912983
-7.2136501575
-7.8281560306
-6.6106756977
-3.4228446999
-5.8177215272
-8.5211118823
-8.0494225574
-8.5211118823
-5.1319404705
-0.6463891872
-3.9768209537
-3.0642410373
-5.7731823318
-6.4063608366
-6.4063608366
-4.8560469277
-7.8426362438
-3.6832846166
-7.8426362438
-5.4712708020
-4.9289625446
-8.2998453555
-8.2998453555
-8.2998453555
-3.0406518521
-0.4052143665
-3.7908510097
