1.5631283071
2.5906533945
3.5352166442
-4.9584541016
10.7371826232
1.0747118068
-3.7491966084
-4.7536539541
-1.9059746718
-0.0564825449
0.5857420111
0.5857420111
-3.6724147510
-1.9294973107
-3.0004590673
-4.6643297403
-4.2027383321
-7.3000268112
-5.3888041627
-3.6724147510
-6.9926536032
-3.6576557962
-5.6913730532
-2.3923152795
-7.3000268112
-4.4319323846
-5.9775860911
-5.6883678697
-4.8459979713
-3.5320128300
-4.2122059672
-6.2268008815
-6.4391774993
-5.9917976476
-5.9917976476
-0.0499784113
-0.0499784113
-5.7404649303
-5.7317468106
-6.1235140064
-7.2202282666
-8.8881946150
-8.8881946150
-8.8881946150
-8.8881946150
-8.8881946150
-0.1061582193
-4.9424462920
-6.8280654202
-0.8399941054
-6.5215125396
-0.4229559619
-5.1273390991
-4.2980605001
-6.8672114413
-6.8672114413
-8.8881946150
-8.8881946150
-8.8881946150
-4.0080620274
-5.0010127150
-4.9731208988
-7.5310866150
-6.4929886991
-3.9591152314
-1.6618441511
-7.5310866150
-5.2662476083
-6.5444862268
-6.1864358186
-6.9275353029
-4.2597915349
-4.8356638202
-7.6433813580
-5.2096741395
-7.6433813580
-8.1323511537
-6.8101683711
-2.0285616253
-7.3993702562
-7.3290978695
-7.3290978695
-6.0722861973
-8.1444138073
-3.2864215084
-5.9865169722
-5.9426550370
-7.4114329098
-3.0488931845
-7.5318546273
-4.9909784497
-5.5830765543
-8.1444138073
-5.9865169722
-6.6096045271
-8.8881946150
11.8858179657
-8.8881946150
-8.8881946150
-8.3351079115
-4.9692850104
-5.1937352075
-6.9169777351
-6.0130063166
1.9940172520
-6.2025655599
-4.7812815795
-8.8881946150
-8.8881946150
-5.1141618295
-3.9213566038
-4.7812815795
-7.0178814977
-5.2923781134
-7.1601001925
-8.8881946150
-6.0995945096
-8.8881946150
-8.8881946150
-8.8881946150
-7.8093370862
-7.0178814977
-3.7146003754
-6.3086148523
-3.6543342861
-7.7613647312
-5.1131347037
-2.5584720908
-4.7933442332
-6.1520122073
-6.7448368854
-4.7300856276
-5.1131347037
-5.7707813735
-4.3697973465
-6.4320756639
-8.8881946150
-8.8881946150
-2.2534915471
-4.0897422424
-4.1176894630
-1.7025007130
-8.8881946150
-8.8881946150
-8.8881946150
-8.8881946150
-2.7669400582
-3.8139869872
4.1703003018
11.2668975152
10.6954637536
-0.3155116942
-3.2602268127
1.0334134151
0.5857420111
-4.4338100330
-1.4803767947
-5.6245224972
2.2193127723
3.6860649521
-5.3888041627
-3.6724147510
-4.8459979713
-6.9926536032
-5.9272371744
-2.4076977273
-7.3000268112
-2.1882102588
-4.4319323846
-6.5670459137
-6.4162069701
-5.9917976476
-8.8881946150
-8.8881946150
-8.8881946150
-5.5716299351
-7.0308221780
-4.2792953488
-4.5120429194
-4.5623351212
-1.9169973966
-3.7318488112
-3.7318488112
-8.8881946150
-8.8881946150
-4.1755039457
-8.8881946150
-5.3083859230
-7.3170352159
-6.9275353029
-5.3083859230
-2.9518224657
-6.8352501923
-8.1444138073
-8.1444138073
-7.9373369272
-5.9426550370
-6.2818275265
-8.1444138073
-8.8881946150
-7.4114329098
-1.6741957604
-5.9865169722
-6.9169777351
9.8292365135
-6.9169777351
-7.7493020776
-6.0130063166
-8.8881946150
-8.0566752855
-7.7613647312
-3.1658327417
-2.3796986850
-6.4320756639
-6.4320756639
-5.7707813735
-5.0374588356
-8.8881946150
-8.8881946150
-3.3804755970
-8.8881946150
-0.3591364585
-3.7959082900
-7.5002069327
