4,9,2250,38
2,2,500,11
16,7,1750,87
2,1,250,2
4,20,5000,69
2,5,1250,16
4,5,1250,14
4,2,500,9
2,2,500,4
4,12,3000,34
4,5,1250,26
1,16,4000,35
4,1,250,4
8,8,2000,52
4,4,1000,34
2,9,2250,22
4,9,2250,28
14,2,500,35
16,5,1250,40
4,2,500,51
1,24,6000,77
4,4,1000,4
4,23,5750,58
0,3,750,4
1,13,3250,47
4,6,1500,14
4,8,2000,21
2,5,1250,16
2,5,1250,16
2,9,2250,36
2,2,500,2
2,10,2500,49
1,9,2250,51
2,4,1000,16
2,2,500,4
2,2,500,4
2,4,1000,16
2,4,1000,16
4,2,500,4
4,2,500,4
4,2,500,4
4,2,500,4
12,11,2750,23
4,7,1750,28
3,17,4250,86
4,9,2250,40
2,5,1250,26
2,5,1250,26
6,17,4250,70
0,8,2000,59
3,5,1250,26
2,3,750,14
2,10,2500,64
4,9,2250,46
2,12,3000,82
11,24,6000,64
1,7,1750,57
2,4,1000,26
2,5,1250,34
4,5,1250,28
2,12,3000,95
2,2,500,10
2,11,2750,88
2,3,750,19
2,12,3000,98
2,2,500,11
5,14,3500,86
4,3,750,16
4,3,750,16
6,3,750,14
2,2,500,11
2,2,500,11
4,6,1500,39
4,11,2750,78
2,1,250,2
2,1,250,2
2,1,250,2
2,1,250,2
2,1,250,2
2,1,250,2
2,1,250,2
2,1,250,2
2,1,250,2
2,1,250,2
11,10,2500,35
2,3,750,22
2,4,1000,35
13,8,2000,26
4,4,1000,26
8,15,3750,77
4,7,1750,52
4,7,1750,52
2,4,1000,35
11,11,2750,42
2,2,500,14
4,6,1500,47
11,7,1750,29
9,9,2250,45
4,6,1500,52
4,7,1750,58
4,7,1750,58
11,9,2250,38
11,6,1500,26
2,2,500,16
2,7,1750,76
11,6,1500,27
11,3,750,14
4,1,250,4
4,1,250,4
4,1,250,4
4,1,250,4
4,1,250,4
4,1,250,4
4,1,250,4
4,1,250,4
4,1,250,4
4,1,250,4
4,1,250,4
4,3,750,24
4,1,250,4
4,1,250,4
4,1,250,4
10,8,2000,39
14,7,1750,26
8,10,2500,63
11,3,750,15
4,2,500,14
2,4,1000,43
8,9,2250,58
11,22,5500,98
9,2,500,11
4,5,1250,46
11,12,3000,58
11,2,500,11
11,2,500,11
11,2,500,11
2,6,1500,75
2,3,750,35
16,8,2000,28
11,7,1750,37
4,3,750,28
12,12,3000,58
4,4,1000,41
2,2,500,23
4,5,1250,58
3,2,500,23
11,8,2000,46
4,7,1750,82
13,4,1000,21
16,11,2750,40
16,7,1750,28
4,5,1250,58
4,4,1000,46
4,3,750,34
14,18,4500,78
11,8,2000,48
14,5,1250,26
8,2,500,16
11,2,500,14
4,2,500,23
16,12,3000,50
11,4,1000,28
11,5,1250,35
11,5,1250,35
14,5,1250,28
14,2,500,14
14,2,500,14
2,3,750,52
14,6,1500,34
4,5,1250,74
11,3,750,23
16,3,750,19
11,2,500,16
9,1,250,9
9,1,250,9
4,2,500,29
14,4,1000,26
11,5,1250,41
15,16,4000,82
16,7,1750,38
14,2,500,16
2,2,500,41
14,16,4000,98
16,7,1750,39
14,7,1750,47
11,3,750,28
9,3,750,34
23,38,9500,98
11,1,250,11
11,1,250,11
11,1,250,11
11,1,250,11
11,1,250,11
11,1,250,11
11,2,500,21
11,2,500,21
16,6,1500,40
14,3,750,26
9,2,500,26
21,16,4000,64
11,2,500,24
21,13,3250,57
11,6,1500,71
23,15,3750,57
14,4,1000,38
14,3,750,31
4,2,500,52
14,5,1250,50
14,1,250,14
14,1,250,14
14,1,250,14
14,1,250,14
14,1,250,14
14,7,1750,72
14,1,250,14
14,7,1750,73
4,2,500,59
21,3,750,26
16,8,2000,76
23,5,1250,33
23,8,2000,46
16,3,750,34
14,5,1250,64
16,1,250,16
16,1,250,16
16,1,250,16
16,1,250,16
16,1,250,16
16,4,1000,45
16,1,250,16
16,2,500,26
21,2,500,23
14,4,1000,57
16,5,1250,60
23,2,500,23
23,3,750,28
16,3,750,40
9,2,500,52
9,2,500,52
14,4,1000,64
14,2,500,35
16,7,1750,93
21,2,500,25
14,3,750,52
23,14,3500,93
18,8,2000,95
11,2,500,52
11,3,750,76
23,12,3000,86
21,3,750,35
23,2,500,26
23,2,500,26
23,8,2000,64
16,3,750,50
23,2,500,28
21,1,250,21
21,1,250,21
21,1,250,21
21,1,250,21
21,1,250,21
21,1,250,21
21,1,250,21
21,1,250,21
21,5,1250,60
11,2,500,70
23,3,750,41
14,3,750,83
21,2,500,35
23,1,250,23
23,1,250,23
23,1,250,23
23,1,250,23
23,4,1000,53
21,6,1500,86
23,3,750,48
21,2,500,41
21,3,750,70
23,4,1000,87
23,2,500,87
35,3,750,64
38,1,250,38
38,1,250,38
40,1,250,40
74,1,250,74
2,44,11000,98
2,11,2750,23
2,11,2750,26
2,11,2750,28
4,6,1500,14
2,4,1000,11
2,15,3750,64
2,6,1500,26
2,10,2500,52
1,14,3500,95
7,14,3500,48
2,3,750,11
4,4,1000,16
2,3,750,14
5,6,1500,28
4,6,1500,30
3,8,2000,50
4,9,2250,52
4,14,3500,86
2,9,2250,75
2,6,1500,45
2,6,1500,47
4,2,500,9
9,9,2250,38
11,5,1250,18
2,3,750,21
2,1,250,2
2,1,250,2
2,1,250,2
2,1,250,2
2,1,250,2
2,1,250,2
11,11,2750,38
2,3,750,22
3,5,1250,38
4,6,1500,43
2,3,750,24
12,11,2750,39
2,2,500,14
4,6,1500,46
9,3,750,14
14,8,2000,26
4,11,2750,95
2,7,1750,77
2,7,1750,77
4,1,250,4
4,1,250,4
4,1,250,4
4,1,250,4
4,1,250,4
4,1,250,4
4,7,1750,62
7,5,1250,35
2,5,1250,63
7,11,2750,89
2,2,500,22
6,3,750,26
12,15,3750,71
13,3,750,16
11,16,4000,89
4,5,1250,58
14,7,1750,35
11,4,1000,27
7,5,1250,52
11,6,1500,41
10,5,1250,38
14,2,500,14
2,2,500,33
11,3,750,23
9,1,250,9
16,5,1250,27
4,2,500,30
14,8,2000,50
11,3,750,26
14,7,1750,45
15,5,1250,33
16,2,500,16
16,3,750,21
11,1,250,11
11,1,250,11
11,1,250,11
11,1,250,11
16,4,1000,28
16,3,750,23
14,3,750,26
23,19,4750,62
11,7,1750,75
14,3,750,28
4,2,500,46
11,2,500,25
11,3,750,37
16,4,1000,33
21,7,1750,38
13,7,1750,76
16,6,1500,50
14,3,750,33
14,1,250,14
14,1,250,14
14,1,250,14
14,1,250,14
16,7,1750,64
16,1,250,16
16,1,250,16
16,1,250,16
16,1,250,16
16,1,250,16
21,6,1500,48
23,2,500,23
23,6,1500,45
16,4,1000,58
16,5,1250,71
21,2,500,26
21,3,750,35
21,3,750,35
23,8,2000,69
21,3,750,38
23,3,750,35
21,3,750,40
23,2,500,28
21,1,250,21
25,6,1500,50
21,1,250,21
21,1,250,21
23,3,750,39
21,2,500,33
14,3,750,79
23,1,250,23
23,1,250,23
23,1,250,23
23,4,1000,52
23,1,250,23
23,7,1750,88
21,2,500,52
23,3,750,62
39,1,250,39
