5.0958497081
-31.1266887147
-27.8639100497
-43.2898597827
-37.9742538253
83.9267615071
-28.6866678875
-28.3294115364
-33.3616154365
-28.2711045328
-32.5241940976
-31.6236633769
-39.0582980888
-36.9343764182
-25.1714388625
-25.8247479485
-29.6136443956
-32.5987876535
-26.4227408507
-27.8736564302
-41.0878574592
-35.8111422581
-26.9602696025
-32.2685492134
-25.8734850725
-28.8752060516
-28.3145196807
-34.0264933937
-19.4298527394
-29.3632868279
22.1417438849
-12.8495872018
0.5894957514
-36.9848716389
-32.2967953373
-23.5956475817
-2.5662249423
-34.3406442383
-26.6941607423
-37.2668383993
-19.6012347936
-35.1033601194
-33.8235679784
-14.7111565218
-15.7438959744
-16.9584806802
-1.9113436438
-23.6132808429
-9.0470652470
-23.9498062656
-31.9808236642
-29.1479436443
-26.3840963100
-31.0712666935
-32.8337236745
-27.6925151382
-38.4384399818
-19.1456646947
-24.0441992709
-16.4909319542
-33.1323115063
-30.5650107215
-40.9269965289
-21.7912849397
-41.1514164171
-20.1773115454
0.5098393210
-18.2096540502
-25.5262686087
-35.1379229753
-25.6208045765
-15.9920940227
-0.2343522770
8.8714836291
-11.9891235797
-31.1355443947
-22.7681178161
-30.0300434727
-32.2000375894
-26.7485786193
-42.6128679952
6.5646952595
-36.0412495125
-33.3652510061
-19.6875490806
-23.3271250546
-34.9196787691
343.0737931095
1.7366850465
-12.4293386675
-15.8508814654
-15.6187400481
-33.4580069252
-22.1659284982
-22.1078422907
-35.2258199419
-19.1516019031
-9.5299590222
-27.5786002948
-30.4828868595
-41.9363402532
-31.8607266774
-26.3708621242
-30.6436911381
-31.2077485795
-22.8441627292
1.1494491433
-37.6034410994
-21.4765238949
-35.7919176761
-4.9698920241
-22.6635834921
55.7590822988
9.1513362418
-43.1913255303
-37.2898074158
-43.1929141479
-24.8786525359
-39.7803188523
-30.1871718719
-34.7490000962
3.7488641673
-25.8643513784
-38.2815497656
-17.4685165710
-37.2490643852
-36.2826746875
-33.4227770951
-42.8615580437
-22.5756987845
-41.8724804640
-41.8724804640
-27.8383845799
-19.5503691524
-40.0278151076
-21.8304636144
-15.4960415793
-37.9023589175
-36.2678965901
-32.3607331676
-35.1161838722
-7.8533800917
-30.3166717602
-39.3259307231
-26.6245857505
-4.0915684062
-26.7528706128
-25.6768746444
-27.1618050511
-24.9844784492
-22.3135330717
-37.3555321989
-10.5433252551
-20.9872115449
-17.6713375954
-25.5995512802
17.9524536008
-27.6112969423
-20.2139891613
-27.7847384566
-11.9190786944
-32.4622594516
-15.8600028169
-19.1873350291
-14.2300071552
-23.6254951920
-11.3092964228
-11.4442640896
-27.5980744389
-35.2454009218
-32.0387662209
31.8199245971
-17.5564173506
-1.1207957126
-15.0191075972
-2.5676410205
-14.8040484316
24.2111828047
-18.1794405738
-31.0492407974
-23.2093259106
-38.1781026606
-19.6911915474
8.7755598737
-9.9325671042
-12.6408360181
-24.8023492284
-31.2398736896
-22.1210429396
-37.8038624672
-34.1370195351
-10.7159432536
-38.4977139974
-38.7170669498
-8.7809548528
-36.9944056301
-36.8861910971
-17.9494050046
-27.9762336244
-24.8995569188
-24.2308445054
-10.6035563768
19.1641042991
-30.9270010220
-39.2440304110
-32.2796985466
-9.1727442501
23.6698433968
-29.4911313100
-29.3601016309
0.3466895057
-19.1613893817
-27.0489445638
-29.5046676012
-33.6999819015
-0.4792203958
-28.2044491302
-22.9691118093
-16.5405393963
-15.2821881707
-32.6877827821
5.3947787577
-5.3032109713
-27.2107454185
-21.0465929837
-31.6862571799
-20.7139482992
-20.2635350930
-15.9341473693
-37.6126040568
-31.2318540219
15.4548758504
-41.8724804640
-33.4991702373
-38.0823313806
-32.9646738792
-30.1598543304
-24.8983590211
-21.4780142615
-21.4780142615
-16.1572800187
-14.6729820058
29.9409669162
-29.4495836927
-24.2379368877
-5.6732724487
-28.9056206366
-38.1953704853
-24.0255098827
-30.8281725767
-23.8094875904
-35.6963495745
-39.2059643862
-29.4363403471
-28.2852227026
-24.9672085680
-27.5918478131
-33.4584066964
-24.7414751365
-32.4845110880
-35.3183542895
-27.9311091810
-12.7518049067
-36.3633642372
-39.8019198785
-28.4502057064
-21.2450655493
-33.4786837437
-13.7629707742
7.1829255128
-26.4464055460
8.4879585631
-12.8079802811
-34.5657727406
-34.5120590724
-7.7915979967
-23.1573631092
344.1572256315
-33.3497538335
-41.5746909286
-26.5289314476
-35.7797514038
-32.9810059248
-23.2639477734
-37.8401576513
-10.4462478516
-22.5460884695
331.8322743842
-37.0138181938
-20.8009350028
-22.4853741074
-21.4525654403
-10.2072102670
-17.4041126303
-10.2880110926
-35.0094840757
-32.9981369308
-28.7950422684
-39.4410843809
-16.8219386527
-37.9541683954
-43.0393913942
-21.4591352646
-33.1737067887
-15.3531641406
-3.5795336291
-21.1190957992
1.5017449634
-34.5782017758
-26.9808339183
-25.4331560859
-37.8577741628
2.1333054094
-25.7941091069
3.4776993319
