4.977,1.9452,0,0,0,0,0,32.4,1,6,0,-0.347,4.201,3.866,10.735,9,0.992,1.14,0,0,0,1.166,1,0,0,0,2.361,0,0,11.747,10.593,0,0,0,3,3.497,2.3,0,8.778,0,0
4.732,2.9426,0,0,0,0,0,40,0,2,0,0.417,2.767,0.959,9.464,1,1.042,1.125,0,0,0,1.208,1,0,0,0,2.236,0.145,0,9.827,1.138,0,0,0,0,3.603,3.056,0,7.829,0,0
4.411,3.5866,0,0,0,0,0,31.8,2,4,0,-0.328,3.699,2.948,9.956,8,0.995,1.142,0,0,0,1.164,0,0,0,0,2.08,0,0,22.47,6.131,0,0,0,0,3.393,2.407,0,8.325,0,0
4.214,2.6272,0,0,0,0,0,30,3,0,0,0,2.523,1.459,8.755,0,0.959,1.145,0,0,0,1.213,0,0,0,0,1.902,-0.181,0,0,2.052,0,0,0,0,2.998,1.722,0,6.77,0,0
4.495,3.6519,0,0,0,0,0,32,2,3,0,-0.558,3.25,2.187,9.562,5,1.007,1.141,0,0,0,1.172,0,0,0,0,2.074,0.014,0,21.071,3.568,0,0,0,0,3.461,2.803,0,8.013,0,0
4.382,3.2243,0,0,0,0,0,33.3,2,2,0,-0.013,3.935,3.554,10.06,4,0.973,1.138,0,0,0,1.203,0,0,0,0,2.051,0,0,11.42,9.36,0,0,0,0,3.366,1.903,0,8.397,0,0
4.692,2.7215,0,0,2,0,2,40.7,2,2,3,-0.393,3.547,1.876,10.164,3,1.002,1.126,0,0,0,1.259,1,0,0,0,2.236,0.001,0,21.814,3.356,0,1,3,1,3.659,2.619,1,8.548,0,0
4.923,3.3133,0,0,0,0,2,43.8,0,3,0,-1.113,3.261,1.185,9.911,7,1.04,1.117,0,0,0,1.207,1,0,0,0,2.267,0.015,0,10.262,1.563,0,1,0,2,3.741,3.2,0,8.303,0,0
4.228,3.2893,0,0,0,0,0,29.4,2,2,0,-0.193,2.793,1.557,8.891,2,1.004,1.147,0,0,0,1.14,0,0,0,0,1.932,0.142,0,9.98,2.535,0,0,0,0,3.346,2.738,0,7.465,0,0
4.414,3.7375,0,0,0,0,0,35.3,3,1,0,1.188,2.812,1.379,9.222,1,0.985,1.134,0,0,0,1.258,0,0,0,0,2,0.135,0,10.178,2.133,0,0,0,0,3.467,2.619,0,7.714,0,0
4.641,3.0853,0,0,0,0,2,44.4,0,2,0,0,3.233,1.261,9.714,4,1.011,1.116,0,0,0,1.249,1,0,0,0,2.214,0.014,0,10.165,1.783,0,1,0,0,3.664,2.583,0,8.192,0,0
4.534,4.002,0,0,0,0,0,32.4,4,4,0,-0.28,4.039,3.181,10.485,10,0.983,1.141,0,0,0,1.18,0,0,0,0,2.14,0,0,23.596,8.016,0,0,0,0,3.408,2.154,0,8.619,0,0
4.362,3.0285,0,0,0,0,0,27.3,3,2,0,0,2.867,1.906,9.059,2,0.993,1.151,0,0,0,1.123,0,0,0,0,2,-0.074,0,0,2.524,0,0,0,2,3.076,2.667,0,7.149,0,0
4.596,3.2643,0,0,0,0,2,42.9,0,2,0,0,3.025,0.875,9.54,4,1.022,1.119,0,0,0,1.223,1,0,0,0,2.175,0.047,0,0,1.069,0,2,0,2,3.651,2.917,0,8.003,0,0
4.499,3.0778,0,0,0,0,1,43.8,0,1,0,0,2.99,1.125,9.311,2,0.991,1.117,0,0,0,1.253,1,0,0,0,2.136,0.045,0,0,1.481,0,1,0,0,3.573,2.146,0,7.878,0,0
4.77,3.031,0,0,0,0,2,45,2,1,0,0.125,3.217,1.185,9.882,2,0.987,1.114,0,0,0,1.294,1,0,0,0,2.236,0.014,0,10.757,1.74,0,0,0,0,3.695,2.4,0,8.251,0,0
3.414,2.1848,0,0,0,0,0,18.2,2,1,0,0,2.211,1,7.408,0,1.007,1.178,0,0,0,0.999,0,0,0,0,1.618,-0.603,0,0,1.707,0,0,1,3,2.79,3.25,1,6.251,0,0
3.732,2.3761,0,0,1,0,0,26.3,2,0,1,0,2.532,1.585,8.16,0,0.969,1.157,0,0,0,1.152,0,0,0,0,1.802,-0.195,0,0,2.488,0,0,1,2,2.858,2,1,6.599,0,0
4,3.2163,0,0,0,0,0,25,1,2,0,-0.833,2.334,0.811,8.318,0,1.053,1.156,0,0,0,1.076,0,0,0,0,1.732,-0.687,0,9,1,0,0,0,1,3.304,4.167,0,7.178,0,0
3,2.311,0,0,0,0,0,28.6,1,1,0,0,2.03,0.918,6.594,0,1.014,1.149,0,0,0,1.177,0,0,0,0,1.414,0.903,0,8.806,1.333,0,0,0,0,2.991,3.667,0,6.578,0,0
4.596,3.0777,0,0,0,0,2,44.4,2,0,0,0,2.97,0.875,9.54,0,0.968,1.115,0,0,0,1.328,1,0,0,0,2.175,0.041,0,0,1.069,0,0,0,0,3.626,1.917,0,7.939,0,0
3.879,2.6225,1,0,0,0,0,30.8,2,0,0,0,3.142,2.281,8.743,0,0.972,1.142,0,0,0,1.223,0,0,1,0,1.902,0.037,0,0,3.685,0,0,0,0,3.542,1.846,0,7.944,0,1
4.236,3.4286,0,0,0,0,0,28.6,2,4,0,-0.275,3.313,2.522,9.383,1,1.014,1.149,0,0,0,1.119,0,0,0,0,1.98,-0.008,0,10.276,4.746,0,0,0,0,3.351,2.556,0,7.904,0,0
4.399,3.455,1,0,0,0,0,32.3,2,4,0,-0.228,4.363,4.044,10.513,8,0.979,1.138,0,0,0,1.202,0,0,0,0,2.08,0,0,23.602,12.745,0,0,0,0,3.645,1.976,0,9.017,0,0
4.825,3.1934,3,0,0,0,3,46.7,1,0,0,0,3.642,1.185,9.902,0,1.034,1.1,0,0,0,1.359,1,0,1,0,2.263,0.014,0,0,1.476,0,2,0,0,4.054,2.483,0,9.085,0,3
4.562,1.8929,0,0,6,0,0,35.1,0,0,6,0,3.526,0,10.054,0,0.974,1.139,0,0,0,1.209,2,0,0,0,2.194,0,0,0,4.13,0,0,4,0,3.489,1.744,2,8.179,0,0
4.982,2.3934,0,0,0,0,0,42.1,0,3,0,-0.686,3.339,0.762,10.226,8,1.027,1.12,0,0,0,1.204,3,0,0,0,2.424,0.004,0,21.884,1.027,2,0,0,0,3.693,2.773,0,8.297,0,0
6.33,7.9184,0,0,0,13,0,31.8,1,2,0,-4.724,4.795,1.824,12.519,2,1.292,1.35,0,0,1,0.906,0,0,0,0,2.7,0,0,9.894,5.891,0,0,0,1,4.005,5.742,0,9.825,0,27
4,2.3041,0,0,0,0,0,40,0,0,0,0,3.301,0,9.314,0,0.965,1.125,0,0,0,1.274,1,0,0,0,2,0.004,0,0,1.244,0,0,0,0,3.237,1.75,0,7.887,0,0
5.798,1.9414,1,0,0,0,4,53.3,0,0,0,0,4.75,0,11.103,0,0.97,1.085,0,0,0,1.455,4,0,0,0,2.562,0,0,0,1.471,0,0,0,0,10.329,1.883,0,14.016,0,0
5.451,2.8245,0,1,9,2,6,39.2,6,3,10,0,4.167,1.07,11.333,7,1,1.131,0,1,0,1.256,2,0,0,0,2.461,0,0,22.251,4.053,0,4,8,1,3.91,2.481,3,9.32,0,0
5.449,3.493,0,0,0,3,3,37.5,9,0,0,0,3.705,1.162,11.208,0,0.964,1.13,0,0,0,1.28,1,0,0,0,2.449,0,0,0,1.726,0,0,0,0,3.814,1.819,0,8.693,0,0
4.88,2.4237,2,0,0,0,4,54.5,0,0,0,0,4.426,0.673,10.289,0,0.994,1.08,0,0,0,1.425,2,1,0,0,2.316,-0.001,1,0,2.38,0,2,0,0,6.881,2.012,0,12.284,0,2
5.495,2.7485,0,0,0,4,8,38.7,12,2,0,0,4.274,1.059,11.72,8,0.975,1.127,0,0,0,1.271,2,0,0,0,2.494,0,0,0,3.879,0,2,0,2,3.895,2.059,0,9.318,0,0
5.87,2.7059,5,0,0,2,4,48.3,1,1,0,0,4.278,0.953,11.16,4,1.039,1.098,0,0,1,1.34,2,0,1,0,2.52,0,0,0,2.321,0,2,0,1,4.28,2.586,0,9.741,0,5
5.998,1.8789,6,0,0,3,0,44.4,0,1,0,0.642,4.308,0.749,11.637,3,1.054,1.103,0,0,0,1.332,15,0,1,0,2.859,0,0,0,1.117,6,0,0,0,4.405,2.355,0,9.843,0,6
5.997,2.1119,6,0,0,3,0,46.2,0,0,0,0.654,4.268,0.76,11.555,0,1.043,1.099,0,0,0,1.378,10,0,1,0,2.824,0,0,0,1.013,6,0,0,0,4.404,2.366,0,9.796,0,6
5.995,2.3808,8,0,0,3,0,41.7,0,0,0,0.394,4.378,0.752,11.528,0,1.074,1.102,0,0,0,1.373,6,0,1,0,2.805,0,0,0,1.076,4,0,0,0,4.407,2.6,0,9.952,0,8
5.494,2.7618,0,0,0,2,5,42.6,6,1,0,0,3.914,1.061,11.182,4,0.975,1.119,0,0,0,1.288,2,0,0,0,2.483,0,0,0,2.176,0,1,0,1,3.888,2.04,0,8.961,0,0
5.029,1.6864,2,0,7,0,2,38.8,0,0,6,0,4.128,0,10.839,0,0.979,1.119,0,0,0,1.308,5,0,0,0,2.418,0,0,0,3.219,0,0,7,0,4.348,1.71,2,9.423,0,0
4.912,3.4643,3,0,0,0,3,50,0,0,0,0,3.588,0.881,9.863,0,1.052,1.09,0,0,0,1.388,1,0,1,0,2.264,-0.025,0,0,0.95,0,3,0,0,4.139,2.593,0,9.097,0,3
4.935,3.5218,4,0,0,0,4,50,0,0,0,0,3.764,0.861,10.06,0,1.079,1.085,0,0,0,1.399,1,0,1,0,2.303,0.014,0,0,1.047,0,4,0,0,4.174,2.711,0,9.328,0,4
5.035,2.6068,3,0,1,0,6,48,0,3,2,0,4.145,0.954,10.713,8,1.064,1.105,0,1,0,1.308,2,0,1,0,2.368,0,0,21.048,3.414,0,6,2,0,4.11,2.833,1,9.572,0,3
5.149,1.8559,0,0,0,0,3,40,0,1,0,0,3.783,0.447,10.642,4,0.974,1.125,0,0,0,1.238,3,0,0,0,2.411,0,0,0,2.814,2,1,0,1,3.767,1.825,0,8.579,0,0
4.675,2.1615,0,0,0,0,2,52,0,0,0,0,3.478,0,9.971,0,0.972,1.1,0,0,0,1.336,2,0,0,0,2.236,0.001,0,0,2.829,0,0,0,0,3.633,1.91,0,8.453,0,0
5.045,2.1704,0,0,4,0,4,53.3,0,0,5,0,3.772,0,10.481,0,0.98,1.1,0,0,0,1.338,4,0,0,1,2.385,0,0,0,2.901,0,2,4,1,3.886,1.951,1,8.877,0,0
4.461,3.6265,0,0,8,0,0,25.7,0,0,0,0,3.242,2.117,9.797,0,0.975,1.161,0,0,0,1.182,0,0,0,0,2.084,-0.007,0,0,3.798,0,0,4,0,3.216,1.833,3,7.767,0,0
4,2.7345,0,1,0,0,0,16.7,0,0,0,0,2.197,0.811,8.318,0,0.988,1.187,1,0,0,1.104,0,0,0,0,1.732,-0.572,0,0,1,0,0,2,2,3.02,2.5,2,6.636,0,0
5.382,4.8614,1,0,0,1,0,20,2,4,0,0,3.855,1.352,10.182,6,1.086,1.162,0,0,0,1.154,0,1,0,0,2.264,0.051,0,19.844,1.459,0,0,2,2,6.88,3.889,1,11.599,0,1
3,2.0093,0,0,0,0,0,22.2,0,1,0,0,1.926,0.918,6.594,0,0.998,1.162,0,0,0,1.102,0,0,0,0,1.414,0.861,0,0,1.333,0,0,0,0,2.731,2.5,0,6.033,0,0
