4.977	1.9452	0	0	0	0	0	32.4	1	6	0	-0.347	4.201	3.866	10.735	9	0.992	1.14	0	0	0	1.166	1	0	0	0	2.361	0	0	11.747	10.593	0	0	0	3	3.497	2.3	0	8.778	0	0
4.732	2.9426	0	0	0	0	0	40	0	2	0	0.417	2.767	0.959	9.464	1	1.042	1.125	0	0	0	1.208	1	0	0	0	2.236	0.145	0	9.827	1.138	0	0	0	0	3.603	3.056	0	7.829	0	0
4.411	3.5866	0	0	0	0	0	31.8	2	4	0	-0.328	3.699	2.948	9.956	8	0.995	1.142	0	0	0	1.164	0	0	0	0	2.08	0	0	22.47	6.131	0	0	0	0	3.393	2.407	0	8.325	0	0
4.214	2.6272	0	0	0	0	0	30	3	0	0	0	2.523	1.459	8.755	0	0.959	1.145	0	0	0	1.213	0	0	0	0	1.902	-0.181	0	0	2.052	0	0	0	0	2.998	1.722	0	6.77	0	0
4.495	3.6519	0	0	0	0	0	32	2	3	0	-0.558	3.25	2.187	9.562	5	1.007	1.141	0	0	0	1.172	0	0	0	0	2.074	0.014	0	21.071	3.568	0	0	0	0	3.461	2.803	0	8.013	0	0
4.382	3.2243	0	0	0	0	0	33.3	2	2	0	-0.013	3.935	3.554	10.06	4	0.973	1.138	0	0	0	1.203	0	0	0	0	2.051	0	0	11.42	9.36	0	0	0	0	3.366	1.903	0	8.397	0	0
4.692	2.7215	0	0	2	0	2	40.7	2	2	3	-0.393	3.547	1.876	10.164	3	1.002	1.126	0	0	0	1.259	1	0	0	0	2.236	0.001	0	21.814	3.356	0	1	3	1	3.659	2.619	1	8.548	0	0
4.923	3.3133	0	0	0	0	2	43.8	0	3	0	-1.113	3.261	1.185	9.911	7	1.04	1.117	0	0	0	1.207	1	0	0	0	2.267	0.015	0	10.262	1.563	0	1	0	2	3.741	3.2	0	8.303	0	0
4.228	3.2893	0	0	0	0	0	29.4	2	2	0	-0.193	2.793	1.557	8.891	2	1.004	1.147	0	0	0	1.14	0	0	0	0	1.932	0.142	0	9.98	2.535	0	0	0	0	3.346	2.738	0	7.465	0	0
4.414	3.7375	0	0	0	0	0	35.3	3	1	0	1.188	2.812	1.379	9.222	1	0.985	1.134	0	0	0	1.258	0	0	0	0	2	0.135	0	10.178	2.133	0	0	0	0	3.467	2.619	0	7.714	0	0
4.641	3.0853	0	0	0	0	2	44.4	0	2	0	0	3.233	1.261	9.714	4	1.011	1.116	0	0	0	1.249	1	0	0	0	2.214	0.014	0	10.165	1.783	0	1	0	0	3.664	2.583	0	8.192	0	0
4.534	4.002	0	0	0	0	0	32.4	4	4	0	-0.28	4.039	3.181	10.485	10	0.983	1.141	0	0	0	1.18	0	0	0	0	2.14	0	0	23.596	8.016	0	0	0	0	3.408	2.154	0	8.619	0	0
4.362	3.0285	0	0	0	0	0	27.3	3	2	0	0	2.867	1.906	9.059	2	0.993	1.151	0	0	0	1.123	0	0	0	0	2	-0.074	0	0	2.524	0	0	0	2	3.076	2.667	0	7.149	0	0
4.596	3.2643	0	0	0	0	2	42.9	0	2	0	0	3.025	0.875	9.54	4	1.022	1.119	0	0	0	1.223	1	0	0	0	2.175	0.047	0	0	1.069	0	2	0	2	3.651	2.917	0	8.003	0	0
4.499	3.0778	0	0	0	0	1	43.8	0	1	0	0	2.99	1.125	9.311	2	0.991	1.117	0	0	0	1.253	1	0	0	0	2.136	0.045	0	0	1.481	0	1	0	0	3.573	2.146	0	7.878	0	0
4.77	3.031	0	0	0	0	2	45	2	1	0	0.125	3.217	1.185	9.882	2	0.987	1.114	0	0	0	1.294	1	0	0	0	2.236	0.014	0	10.757	1.74	0	0	0	0	3.695	2.4	0	8.251	0	0
3.414	2.1848	0	0	0	0	0	18.2	2	1	0	0	2.211	1	7.408	0	1.007	1.178	0	0	0	0.999	0	0	0	0	1.618	-0.603	0	0	1.707	0	0	1	3	2.79	3.25	1	6.251	0	0
3.732	2.3761	0	0	1	0	0	26.3	2	0	1	0	2.532	1.585	8.16	0	0.969	1.157	0	0	0	1.152	0	0	0	0	1.802	-0.195	0	0	2.488	0	0	1	2	2.858	2	1	6.599	0	0
4	3.2163	0	0	0	0	0	25	1	2	0	-0.833	2.334	0.811	8.318	0	1.053	1.156	0	0	0	1.076	0	0	0	0	1.732	-0.687	0	9	1	0	0	0	1	3.304	4.167	0	7.178	0	0
3	2.311	0	0	0	0	0	28.6	1	1	0	0	2.03	0.918	6.594	0	1.014	1.149	0	0	0	1.177	0	0	0	0	1.414	0.903	0	8.806	1.333	0	0	0	0	2.991	3.667	0	6.578	0	0
4.596	3.0777	0	0	0	0	2	44.4	2	0	0	0	2.97	0.875	9.54	0	0.968	1.115	0	0	0	1.328	1	0	0	0	2.175	0.041	0	0	1.069	0	0	0	0	3.626	1.917	0	7.939	0	0
3.879	2.6225	1	0	0	0	0	30.8	2	0	0	0	3.142	2.281	8.743	0	0.972	1.142	0	0	0	1.223	0	0	1	0	1.902	0.037	0	0	3.685	0	0	0	0	3.542	1.846	0	7.944	0	1
4.236	3.4286	0	0	0	0	0	28.6	2	4	0	-0.275	3.313	2.522	9.383	1	1.014	1.149	0	0	0	1.119	0	0	0	0	1.98	-0.008	0	10.276	4.746	0	0	0	0	3.351	2.556	0	7.904	0	0
4.399	3.455	1	0	0	0	0	32.3	2	4	0	-0.228	4.363	4.044	10.513	8	0.979	1.138	0	0	0	1.202	0	0	0	0	2.08	0	0	23.602	12.745	0	0	0	0	3.645	1.976	0	9.017	0	0
4.825	3.1934	3	0	0	0	3	46.7	1	0	0	0	3.642	1.185	9.902	0	1.034	1.1	0	0	0	1.359	1	0	1	0	2.263	0.014	0	0	1.476	0	2	0	0	4.054	2.483	0	9.085	0	3
4.562	1.8929	0	0	6	0	0	35.1	0	0	6	0	3.526	0	10.054	0	0.974	1.139	0	0	0	1.209	2	0	0	0	2.194	0	0	0	4.13	0	0	4	0	3.489	1.744	2	8.179	0	0
4.982	2.3934	0	0	0	0	0	42.1	0	3	0	-0.686	3.339	0.762	10.226	8	1.027	1.12	0	0	0	1.204	3	0	0	0	2.424	0.004	0	21.884	1.027	2	0	0	0	3.693	2.773	0	8.297	0	0
6.33	7.9184	0	0	0	13	0	31.8	1	2	0	-4.724	4.795	1.824	12.519	2	1.292	1.35	0	0	1	0.906	0	0	0	0	2.7	0	0	9.894	5.891	0	0	0	1	4.005	5.742	0	9.825	0	27
4	2.3041	0	0	0	0	0	40	0	0	0	0	3.301	0	9.314	0	0.965	1.125	0	0	0	1.274	1	0	0	0	2	0.004	0	0	1.244	0	0	0	0	3.237	1.75	0	7.887	0	0
5.798	1.9414	1	0	0	0	4	53.3	0	0	0	0	4.75	0	11.103	0	0.97	1.085	0	0	0	1.455	4	0	0	0	2.562	0	0	0	1.471	0	0	0	0	10.329	1.883	0	14.016	0	0
5.451	2.8245	0	1	9	2	6	39.2	6	3	10	0	4.167	1.07	11.333	7	1	1.131	0	1	0	1.256	2	0	0	0	2.461	0	0	22.251	4.053	0	4	8	1	3.91	2.481	3	9.32	0	0
5.449	3.493	0	0	0	3	3	37.5	9	0	0	0	3.705	1.162	11.208	0	0.964	1.13	0	0	0	1.28	1	0	0	0	2.449	0	0	0	1.726	0	0	0	0	3.814	1.819	0	8.693	0	0
4.88	2.4237	2	0	0	0	4	54.5	0	0	0	0	4.426	0.673	10.289	0	0.994	1.08	0	0	0	1.425	2	1	0	0	2.316	-0.001	1	0	2.38	0	2	0	0	6.881	2.012	0	12.284	0	2
5.495	2.7485	0	0	0	4	8	38.7	12	2	0	0	4.274	1.059	11.72	8	0.975	1.127	0	0	0	1.271	2	0	0	0	2.494	0	0	0	3.879	0	2	0	2	3.895	2.059	0	9.318	0	0
5.87	2.7059	5	0	0	2	4	48.3	1	1	0	0	4.278	0.953	11.16	4	1.039	1.098	0	0	1	1.34	2	0	1	0	2.52	0	0	0	2.321	0	2	0	1	4.28	2.586	0	9.741	0	5
5.998	1.8789	6	0	0	3	0	44.4	0	1	0	0.642	4.308	0.749	11.637	3	1.054	1.103	0	0	0	1.332	15	0	1	0	2.859	0	0	0	1.117	6	0	0	0	4.405	2.355	0	9.843	0	6
5.997	2.1119	6	0	0	3	0	46.2	0	0	0	0.654	4.268	0.76	11.555	0	1.043	1.099	0	0	0	1.378	10	0	1	0	2.824	0	0	0	1.013	6	0	0	0	4.404	2.366	0	9.796	0	6
5.995	2.3808	8	0	0	3	0	41.7	0	0	0	0.394	4.378	0.752	11.528	0	1.074	1.102	0	0	0	1.373	6	0	1	0	2.805	0	0	0	1.076	4	0	0	0	4.407	2.6	0	9.952	0	8
5.494	2.7618	0	0	0	2	5	42.6	6	1	0	0	3.914	1.061	11.182	4	0.975	1.119	0	0	0	1.288	2	0	0	0	2.483	0	0	0	2.176	0	1	0	1	3.888	2.04	0	8.961	0	0
5.029	1.6864	2	0	7	0	2	38.8	0	0	6	0	4.128	0	10.839	0	0.979	1.119	0	0	0	1.308	5	0	0	0	2.418	0	0	0	3.219	0	0	7	0	4.348	1.71	2	9.423	0	0
4.912	3.4643	3	0	0	0	3	50	0	0	0	0	3.588	0.881	9.863	0	1.052	1.09	0	0	0	1.388	1	0	1	0	2.264	-0.025	0	0	0.95	0	3	0	0	4.139	2.593	0	9.097	0	3
4.935	3.5218	4	0	0	0	4	50	0	0	0	0	3.764	0.861	10.06	0	1.079	1.085	0	0	0	1.399	1	0	1	0	2.303	0.014	0	0	1.047	0	4	0	0	4.174	2.711	0	9.328	0	4
5.035	2.6068	3	0	1	0	6	48	0	3	2	0	4.145	0.954	10.713	8	1.064	1.105	0	1	0	1.308	2	0	1	0	2.368	0	0	21.048	3.414	0	6	2	0	4.11	2.833	1	9.572	0	3
5.149	1.8559	0	0	0	0	3	40	0	1	0	0	3.783	0.447	10.642	4	0.974	1.125	0	0	0	1.238	3	0	0	0	2.411	0	0	0	2.814	2	1	0	1	3.767	1.825	0	8.579	0	0
4.675	2.1615	0	0	0	0	2	52	0	0	0	0	3.478	0	9.971	0	0.972	1.1	0	0	0	1.336	2	0	0	0	2.236	0.001	0	0	2.829	0	0	0	0	3.633	1.91	0	8.453	0	0
5.045	2.1704	0	0	4	0	4	53.3	0	0	5	0	3.772	0	10.481	0	0.98	1.1	0	0	0	1.338	4	0	0	1	2.385	0	0	0	2.901	0	2	4	1	3.886	1.951	1	8.877	0	0
4.461	3.6265	0	0	8	0	0	25.7	0	0	0	0	3.242	2.117	9.797	0	0.975	1.161	0	0	0	1.182	0	0	0	0	2.084	-0.007	0	0	3.798	0	0	4	0	3.216	1.833	3	7.767	0	0
4	2.7345	0	1	0	0	0	16.7	0	0	0	0	2.197	0.811	8.318	0	0.988	1.187	1	0	0	1.104	0	0	0	0	1.732	-0.572	0	0	1	0	0	2	2	3.02	2.5	2	6.636	0	0
5.382	4.8614	1	0	0	1	0	20	2	4	0	0	3.855	1.352	10.182	6	1.086	1.162	0	0	0	1.154	0	1	0	0	2.264	0.051	0	19.844	1.459	0	0	2	2	6.88	3.889	1	11.599	0	1
3	2.0093	0	0	0	0	0	22.2	0	1	0	0	1.926	0.918	6.594	0	0.998	1.162	0	0	0	1.102	0	0	0	0	1.414	0.861	0	0	1.333	0	0	0	0	2.731	2.5	0	6.033	0	0
4.414	3.4168	0	0	0	0	0	28.6	4	1	0	0	2.72	1.379	9.222	0	0.977	1.148	0	0	0	1.18	0	0	0	0	2	0.124	0	0	2.133	0	0	0	0	3.189	2.024	0	7.198	0	0
3.879	3.1116	0	0	0	0	0	26.1	0	3	0	0	2.995	2.281	8.743	0	1.007	1.154	0	0	0	1.107	0	0	0	0	1.902	0.047	0	0	3.685	0	0	0	0	3.047	2.278	0	7.323	0	0
3.414	2.1658	2	0	0	0	0	20	0	0	0	0	2.78	1	7.408	0	0.98	1.109	0	0	0	1.396	0	0	0	0	1.618	-0.501	0	0	1.707	0	0	0	0	4.066	1.917	0	8.467	0	0
4.17	3.021	1	0	0	0	0	22.2	1	1	0	-0.259	4.279	0.971	8.597	0	1.029	1.14	0	0	0	1.495	0	0	0	0	1.848	0.396	0	9.583	1.542	0	0	1	2	10.692	3.257	1	14.218	0	1
3	1.925	0	1	0	0	0	11.1	0	0	0	0	1.922	0.918	6.594	0	0.997	1.203	1	0	0	1.033	0	0	0	0	1.414	0.852	0	0	1.333	0	0	1	3	2.684	2.833	2	5.93	0	0
5.325	3.1334	4	0	0	0	6	53.3	0	3	0	-1.749	4.054	0.789	10.761	8	1.136	1.082	0	0	0	1.322	3	0	1	0	2.534	0	0	22.449	1.13	0	4	0	0	4.276	3.152	0	9.574	2	4
4.783	3.1253	2	0	0	0	2	46.7	1	0	0	0	3.439	1.187	9.668	0	1.012	1.103	0	0	0	1.346	1	0	1	0	2.222	-0.025	0	0	1.358	0	1	0	0	3.927	2.34	0	8.78	0	2
4.912	3.2934	0	0	1	0	3	40	2	0	4	0	3.087	0.881	9.863	0	0.976	1.129	0	0	0	1.285	1	0	0	0	2.264	-0.024	0	0	0.95	0	1	2	2	3.72	2.111	1	8.103	0	0
4.562	3.1562	1	0	1	0	2	42.9	0	0	2	0	3.202	0.875	9.54	0	1.005	1.121	0	0	0	1.308	1	0	1	0	2.17	0.045	0	0	1.14	0	2	2	2	3.87	2.431	1	8.463	0	1
5.029	3.5846	0	0	2	0	3	40	2	2	3	0	3.356	1.16	10.122	4	1.015	1.129	0	1	0	1.26	1	0	0	0	2.318	-0.008	0	20.759	1.572	0	1	2	0	3.882	2.818	1	8.586	0	0
4.782	3.1979	1	0	1	0	2	41.2	1	2	2	0	3.507	1.273	9.947	4	1.043	1.124	0	1	0	1.26	1	0	1	0	2.251	-0.008	0	20.346	1.951	0	1	2	0	3.848	2.995	1	8.81	0	1
5.004	3.5241	3	1	3	0	4	37.5	0	0	4	0	3.71	1.16	10.116	0	1.052	1.13	1	0	0	1.319	1	0	1	0	2.327	-0.008	0	0	1.268	0	4	3	3	4.102	2.682	2	9.166	0	3
5.318	3.1083	0	0	0	1	2	40	3	1	0	0	3.272	1.16	10.388	2	0.981	1.125	0	0	0	1.263	1	0	0	0	2.318	-0.007	0	0	1.782	0	1	0	1	3.702	2.235	0	8.244	0	0
4.807	3.2498	0	0	0	0	3	42.1	2	1	0	0	3.1	0.881	9.833	3	0.987	1.12	0	0	0	1.275	1	0	0	0	2.246	-0.024	0	0	1.06	0	1	0	1	3.711	2.333	0	8.114	0	0
4	2.2857	0	0	0	0	0	40	0	0	0	0	2.914	0	8.908	0	0.965	1.125	0	0	0	1.295	1	0	0	0	2	0.039	0	0	0.854	0	0	0	0	3.233	1.75	0	7.482	0	0
4.679	2.2806	0	0	4	0	0	28.6	2	0	4	0	3.084	1.261	9.715	0	0.974	1.154	0	0	0	1.159	1	0	0	0	2.222	0.012	0	0	1.695	2	0	2	4	3.245	1.967	2	7.476	0	0
5.2	3.1674	0	0	6	0	4	45.5	0	4	6	0	3.793	1.125	10.598	8	1.058	1.121	0	2	0	1.262	3	0	0	0	2.441	0	0	42.927	1.832	0	2	4	0	4.033	3.167	2	9.15	0	0
5.103	2.7331	0	0	0	0	2	55.6	0	2	0	-0.185	3.46	0.73	10.265	6	1.017	1.092	0	0	0	1.294	3	0	0	0	2.393	-0.002	0	22.384	1.026	0	0	0	0	3.843	2.722	0	8.577	0	0
4.303	3.3382	0	0	0	0	0	33.3	1	0	0	0	2.741	0.862	9.067	0	0.998	1.152	0	0	0	1.289	1	0	0	1	2.115	0.137	0	0	0.956	0	0	4	1	3.627	2.194	2	7.794	0	0
4.499	3.1284	0	0	0	0	0	46.7	0	0	2	0	3.013	1.125	9.311	0	0.984	1.116	0	0	0	1.299	1	0	0	0	2.136	0.045	0	0	1.481	0	0	3	0	3.608	2.208	1	7.967	0	0
5.361	1.89	0	0	2	1	0	28.9	2	4	2	0	3.764	1.591	10.691	16	1.003	1.151	0	0	0	1.132	2	0	0	0	2.407	0	0	0	3.261	0	0	2	4	3.495	2.154	2	8.325	0	0
5.336	2.228	2	0	4	0	2	58.3	0	2	2	0.284	4.113	1.013	10.917	6	1.037	1.07	0	0	0	1.377	6	0	0	0	2.526	0	0	24.788	1.706	0	0	2	0	4.238	2.8	2	9.511	0	0
4.517	2.2821	0	0	3	0	0	25	1	0	0	0	2.994	1.409	9.391	0	0.984	1.166	0	0	0	1.129	1	0	0	0	2.149	-0.023	0	0	2.036	0	0	6	3	3.219	1.944	3	7.385	0	0
4.982	2.3549	0	0	2	0	0	40	0	2	2	-0.186	3.329	0.762	10.226	6	1.015	1.129	0	0	0	1.216	3	0	0	0	2.424	0.004	0	22.106	1.027	2	0	2	1	3.673	2.682	1	8.272	0	0
4.596	3.4161	2	0	0	0	0	45.5	0	0	1	0	3.382	0.875	9.54	0	1.047	1.111	0	0	0	1.35	1	0	1	0	2.175	0.047	0	0	1.069	0	0	2	0	3.992	2.569	1	8.812	0	2
3.414	2.2062	2	0	0	0	0	25	2	0	0	0	2.889	1	7.408	0	1.037	1.142	0	0	0	1.28	0	0	0	0	1.618	-0.57	0	0	1.707	0	0	0	0	3.676	2.806	0	8.243	0	2
4.923	3.0313	0	0	0	0	2	41.7	3	0	0	0	3.164	1.185	9.911	0	0.966	1.121	0	0	0	1.299	1	0	0	0	2.267	0.012	0	0	1.563	0	0	0	0	3.669	1.867	0	8.087	0	0
5.072	2.4738	0	0	0	0	4	50	0	3	0	-0.266	3.72	0.703	10.481	9	1.015	1.104	0	0	0	1.267	2	0	0	0	2.363	0	0	11.937	2.723	0	2	0	2	3.827	2.708	0	8.803	0	0
4.912	2.3426	0	0	0	0	4	48.1	0	2	0	0	3.633	0.648	10.338	6	0.998	1.108	0	0	0	1.281	2	0	0	0	2.314	0	0	0	2.863	0	2	0	2	3.733	2.411	0	8.658	0	0
5.125	3.3889	0	0	0	1	0	30.8	5	0	0	0	2.821	1.299	10.01	0	0.96	1.144	0	0	0	1.246	0	0	0	0	2.149	-0.062	0	0	2.097	0	0	0	0	3.283	1.76	0	7.401	0	0
5	3.756	4	0	0	1	0	20	1	0	0	0	3.4	0.722	9.657	0	1.212	1.121	0	0	0	1.407	0	0	0	0	2	0.42	0	0	0.8	0	0	0	0	4.385	3.539	0	9.115	0	4
5.646	4.6399	6	0	0	2	0	25	2	0	0	0	3.827	0.811	10.505	0	1.199	1.114	0	0	2	1.392	0	0	0	0	2.303	-0.086	0	0	1.411	0	0	0	0	4.444	3.396	0	9.531	0	6
4.343	4.368	0	1	2	0	0	16.7	0	2	0	-2.076	3.044	1.5	9.309	0	1.088	1.201	0	0	0	1.095	0	0	0	0	2	-0.099	0	19.316	2.682	0	0	2	4	3.563	3.917	4	8.058	0	0
4.737	4.1851	2	0	4	0	0	24.1	0	2	2	-0.804	3.693	2.074	10.071	2	1.014	1.146	0	0	0	1.233	0	0	0	0	2.175	-0.002	0	21.065	3.255	0	0	2	4	3.856	2.81	3	8.938	0	0
5.333	4.0653	1	0	0	0	0	30.2	4	0	0	0	4.471	2.205	10.331	0	0.957	1.134	0	0	0	1.366	0	0	0	0	2.303	0	0	0	1.951	0	0	0	0	10.319	1.554	0	14.005	0	0
4.912	3.2478	0	0	0	0	3	42.9	3	0	0	0	3.075	0.881	9.863	0	0.967	1.119	0	0	0	1.32	1	0	0	0	2.264	-0.023	0	0	0.95	0	0	0	0	3.714	1.889	0	8.09	0	0
4.641	2.7973	0	0	0	0	2	41.7	2	0	0	0	3.157	1.261	9.714	0	0.966	1.121	0	0	0	1.279	1	0	0	0	2.214	0.012	0	0	1.783	0	0	0	0	3.623	1.833	0	8.015	0	0
4.828	3.1972	0	0	0	0	2	50	0	0	0	0	3.219	1.261	9.749	0	0.971	1.104	0	0	0	1.335	1	0	0	0	2.247	0.013	0	0	1.436	0	0	0	0	3.687	2.133	0	8.189	0	0
4.732	3.0207	1	0	0	0	1	50	0	0	0	0.933	3.844	1.187	9.642	0	0.985	1.094	0	0	0	1.395	1	1	0	0	2.194	-0.024	1	0	1.659	0	0	0	0	6.881	2.12	0	11.597	0	1
4.807	3.3045	2	0	0	0	3	46.7	1	0	0	0	3.444	0.881	9.833	0	1.012	1.103	0	0	0	1.366	1	0	1	0	2.246	-0.025	0	0	1.06	0	2	0	0	4.005	2.358	0	8.857	0	2
4.642	3.0494	0	0	2	0	2	40	1	0	2	0	3.08	1.187	9.631	0	0.976	1.129	0	0	0	1.275	1	0	0	0	2.2	-0.024	0	0	1.487	0	1	2	1	3.634	1.981	1	8.001	0	0
4.649	2.3407	0	1	7	0	3	46.2	0	0	10	0	3.639	0.521	10.185	0	0.994	1.121	0	0	0	1.285	2	0	0	0	2.236	0	0	0	3.626	0	3	8	2	3.712	2.2	3	8.678	0	0
4.923	3.5484	0	0	2	0	2	37.5	0	2	4	0	3.288	1.185	9.911	4	1.039	1.14	0	1	0	1.225	1	0	0	0	2.267	0.015	0	20.295	1.563	0	2	4	2	3.857	3.133	2	8.508	0	0
5.103	3.9386	1	0	3	0	4	33.3	0	4	6	0	3.761	1.197	10.456	8	1.101	1.15	0	2	0	1.217	1	0	1	0	2.38	0.001	0	41.432	1.74	0	4	6	2	4.048	3.627	3	9.191	0	1
4.923	3.5714	1	0	1	0	2	42.9	0	2	2	0	3.445	1.185	9.911	4	1.061	1.121	0	1	0	1.273	1	0	1	0	2.267	0.015	0	20.286	1.563	0	2	2	0	3.988	3.144	1	8.825	0	1
5.04	3.8356	0	0	2	0	2	37.5	0	4	4	0	3.513	1.258	10.159	8	1.087	1.141	0	2	0	1.204	1	0	0	0	2.323	0.005	0	40.909	1.711	0	2	4	0	3.946	3.611	2	8.854	0	0
5.006	3.7359	0	0	2	0	3	36.8	1	4	5	0	3.576	1.23	10.309	8	1.067	1.14	0	2	0	1.216	1	0	0	0	2.338	-0.002	0	41.299	1.873	0	2	4	0	3.936	3.462	2	8.914	0	0
4.895	3.4879	1	0	1	0	3	41.2	1	2	2	0	3.512	1.16	10.099	4	1.043	1.124	0	1	0	1.278	1	0	1	0	2.292	-0.008	0	20.423	1.696	0	2	2	0	3.974	3.01	1	8.886	0	1
5.006	3.7801	1	0	2	0	3	37.5	0	4	4	0	3.703	1.23	10.309	8	1.108	1.137	0	2	0	1.231	1	0	1	0	2.338	-0.003	0	41.044	1.873	0	3	4	0	4.032	3.624	2	9.141	0	1
4.895	3.54	2	0	1	0	3	42.9	0	2	2	0	3.647	1.16	10.099	4	1.084	1.117	0	1	0	1.296	1	0	1	0	2.292	-0.008	0	20.337	1.696	0	3	2	0	4.073	3.202	1	9.118	0	2
4.958	3.5995	2	0	1	0	3	42.9	0	2	2	0	3.647	1.16	10.099	4	1.084	1.117	0	1	0	1.299	1	0	1	0	2.303	-0.008	0	20.422	1.602	0	3	2	0	4.057	3.202	1	9.118	0	2
4.77	3.0583	0	0	0	0	2	45	1	1	0	1.014	3.217	1.185	9.882	2	0.987	1.114	0	0	0	1.288	1	0	0	0	2.236	0.014	0	0	1.74	0	1	0	1	3.69	2.4	0	8.228	0	0
4.947	2.9807	0	0	0	0	2	40	2	1	0	0	3.266	1.455	9.974	3	0.981	1.125	0	0	0	1.253	1	0	0	0	2.282	-0.007	0	0	1.887	0	1	0	1	3.683	2.197	0	8.152	0	0
4.805	2.8459	0	0	0	0	2	40	2	1	0	0	3.266	1.455	9.947	2	0.981	1.125	0	0	0	1.25	1	0	0	0	2.251	-0.007	0	0	2.041	0	1	0	1	3.657	2.197	0	8.148	0	0
4.793	1.9089	0	0	0	0	2	36.7	1	1	0	0	3.74	3.025	10.128	3	0.971	1.131	0	0	0	1.238	1	0	0	0	2.236	0	0	0	6.687	0	1	0	1	3.657	1.886	0	8.397	0	0
5.466	3.3208	0	0	0	2	3	37.2	6	1	0	0	3.66	1.494	10.995	3	0.972	1.13	0	0	0	1.245	1	0	0	0	2.436	0	0	0	2.399	0	1	0	1	3.798	2.029	0	8.588	0	0
5.102	3.2259	0	0	0	0	3	38.7	4	1	0	0	3.419	1.23	10.328	4	0.977	1.127	0	0	0	1.26	1	0	0	0	2.358	-0.002	0	0	1.856	0	1	0	1	3.765	2.128	0	8.348	0	0
5.375	3.2786	0	0	0	1	3	39.3	4	1	0	0	3.351	1.124	10.524	3	0.978	1.126	0	0	0	1.266	1	0	0	0	2.368	0.004	0	0	1.671	0	1	0	1	3.766	2.188	0	8.354	0	0
5.489	3.563	0	0	0	2	4	37.2	7	1	0	0	3.664	1.194	11.033	4	0.972	1.13	0	0	0	1.253	1	0	0	0	2.463	0	0	0	1.828	0	1	0	1	3.852	2.039	0	8.65	0	0
5.489	3.5897	0	0	0	2	4	36.6	7	2	0	0	3.678	1.194	11.033	6	0.982	1.132	0	0	0	1.237	1	0	0	0	2.463	0	0	0	1.828	0	1	0	2	3.853	2.275	0	8.662	0	0
4.709	2.1739	0	0	0	0	3	50	0	1	0	0	3.558	0.544	10.149	2	0.986	1.104	0	0	0	1.304	2	0	0	0	2.259	-0.001	0	0	2.952	0	1	0	1	3.676	2.179	0	8.558	0	0
4.845	2.7759	0	0	0	0	2	36.8	2	2	0	0	3.601	2.125	10.029	6	0.984	1.131	0	0	0	1.217	1	0	0	0	2.27	0	0	0	3.574	0	2	0	0	3.678	1.958	0	8.337	0	0
5.377	3.3527	0	0	0	1	3	37.9	3	2	0	0	3.437	1.23	10.559	5	0.99	1.129	0	0	0	1.23	1	0	0	0	2.375	-0.002	0	0	1.809	0	2	0	1	3.774	2.288	0	8.414	0	0
4.953	3.6002	0	0	2	0	2	38.9	0	3	2	0	3.37	1.273	9.975	6	1.041	1.132	0	1	0	1.21	1	0	0	0	2.288	-0.008	0	20.612	1.602	0	2	2	0	3.861	2.985	1	8.551	0	0
5.171	3.8233	0	0	4	0	4	34.5	2	5	4	0	3.798	1.45	10.639	11	1.043	1.142	0	2	0	1.196	1	0	0	0	2.417	0	0	42.668	1.814	0	3	4	1	3.972	3.265	2	9.052	0	0
4.596	3.2495	1	0	0	0	2	46.2	0	1	0	0	3.214	0.875	9.54	2	1.023	1.108	0	0	0	1.3	1	0	1	0	2.175	0.046	0	0	1.069	0	2	0	1	3.879	2.681	0	8.473	0	1
4.596	3.2243	1	0	0	0	2	46.2	0	1	0	0	3.796	0.875	9.54	2	1.016	1.1	0	0	0	1.355	1	1	0	0	2.175	0.045	1	0	1.069	0	2	0	1	6.88	2.51	0	11.593	0	1
4.807	3.3155	1	0	0	0	3	43.8	1	1	0	0	3.297	0.881	9.833	2	1.012	1.113	0	0	0	1.296	1	0	1	0	2.246	-0.025	0	0	1.06	0	2	0	1	3.921	2.568	0	8.562	0	1
4.912	3.4781	2	0	0	0	3	46.2	0	1	0	0	3.462	0.881	9.863	2	1.048	1.103	0	0	0	1.317	1	0	1	0	2.264	-0.026	0	0	0.95	0	3	0	1	4.032	2.802	0	8.872	0	2
4.807	3.3873	2	0	0	0	3	46.2	0	1	0	0	3.462	0.881	9.833	2	1.048	1.103	0	0	0	1.318	1	0	1	0	2.246	-0.026	0	0	1.06	0	3	0	1	4.05	2.802	0	8.87	0	2
4.732	3.3803	2	0	0	0	3	46.2	0	1	0	0	3.462	0.881	9.803	2	1.048	1.103	0	0	0	1.328	1	0	1	0	2.236	-0.026	0	0	0.95	0	3	0	1	3.998	2.802	0	8.868	0	2
5.071	3.8133	2	0	1	0	4	40	0	3	2	0	3.715	1.124	10.277	6	1.1	1.123	0	1	0	1.261	1	0	1	0	2.353	0.005	0	20.509	1.513	0	4	2	1	4.076	3.407	1	9.175	0	2
4.562	1.9651	0	0	0	0	2	48.3	0	1	0	0	3.609	0	10.054	4	0.983	1.107	0	0	0	1.296	2	0	0	0	2.194	0	0	0	4.13	0	0	0	0	3.587	1.989	0	8.536	0	0
4.962	2.3618	0	0	0	0	2	54.2	0	1	0	0.075	3.579	0.544	10.193	4	0.989	1.095	0	0	0	1.313	2	0	0	0	2.307	-0.001	0	11.846	2.627	0	0	0	0	3.755	2.286	0	8.63	0	0
5.387	2.1249	5	0	7	0	9	44.2	0	5	6	-0.656	4.622	0.824	11.344	12	1.056	1.108	0	0	0	1.296	3	0	1	0	2.42	0	0	35.742	5.31	0	9	4	3	4.741	2.823	2	10.284	0	4
4.975	3.2319	0	0	2	0	2	37.9	2	2	1	-0.432	3.525	1.733	10.222	6	0.998	1.132	0	0	0	1.222	1	0	0	0	2.311	0.001	0	11.023	2.571	0	1	0	1	3.713	2.381	1	8.464	0	0
4.872	3.4872	0	0	2	0	3	47.4	1	2	5	0	3.533	1.604	10.05	2	1.033	1.118	0	0	0	1.275	1	0	0	0	2.294	-0.002	0	19.925	2.223	0	2	4	0	3.783	2.923	2	8.667	0	0
4.499	2.125	0	0	0	0	0	33.3	1	0	0	0	2.843	1.125	9.311	0	0.961	1.138	0	0	0	1.199	1	0	0	0	2.136	0.034	0	0	1.481	1	0	0	0	3.15	1.542	0	7.158	0	0
4	2	0	0	0	0	0	33.3	0	0	0	0	2.565	0	8.623	0	0.961	1.138	0	0	0	1.167	1	0	0	0	2	0.103	0	0	0.667	0	0	0	0	3.003	1.5	0	6.76	0	0
4	2.2551	0	0	0	0	0	37.5	0	0	0	0	2.618	0	8.623	0	0.964	1.13	0	0	0	1.226	1	0	0	0	2	0.112	0	0	0.667	0	0	0	0	3.175	1.667	0	7.081	0	0
5.236	2.8937	6	0	0	0	0	33.3	0	0	0	0	5.031	0.799	10.434	0	1.043	1.091	0	0	0	1.534	1	1	1	0	2.414	0.004	1	0	0.873	0	0	0	0	6.951	2.155	0	13.179	0	6
4.414	2.1712	1	0	0	0	0	33.3	0	0	0	0	2.995	0.802	9.183	0	0.979	1.135	0	0	0	1.23	1	0	1	0	2.101	-0.064	0	0	0.975	0	0	0	0	3.658	1.849	0	7.988	0	1
5.401	3.3983	6	0	0	0	6	34.6	3	1	0	0	4.883	2.184	11.058	5	0.998	1.12	0	0	0	1.391	1	0	1	0	2.466	0	0	0	3.079	0	6	0	0	10.323	2.159	0	14.019	0	5
5.276	3.4588	2	0	1	0	3	31	1	5	3	0	3.931	1.693	10.742	12	1.038	1.127	0	1	0	1.273	1	0	0	0	2.357	0	0	21.265	3.021	0	2	2	0	4.702	2.822	1	9.707	0	0
5.459	3.6981	0	0	0	2	4	37.5	6	3	0	-1.093	3.762	1.162	11.1	8	0.993	1.13	0	0	0	1.233	1	0	0	0	2.467	0	0	11.22	1.737	0	1	0	2	3.883	2.546	0	8.814	0	0
5.114	2.4193	0	0	0	0	4	47.1	3	0	0	0	3.66	0.703	10.497	0	0.969	1.11	0	0	0	1.324	2	0	0	0	2.374	0	0	0	2.706	0	0	0	0	3.771	1.875	0	8.682	0	0
4.732	2.1649	0	0	2	0	4	44.8	0	0	4	0	3.617	0.648	10.3	0	0.983	1.12	0	0	0	1.293	2	0	0	0	2.275	0	0	0	3.095	0	2	4	4	3.694	2.144	2	8.636	0	0
5.221	2.7448	6	0	0	0	10	48.1	0	2	0	0	4.379	0.74	10.991	6	1.07	1.095	0	0	0	1.336	2	0	1	0	2.449	0	0	0	3.068	0	8	0	2	4.183	2.802	0	9.891	0	6
5.511	2.4453	0	0	0	1	4	45.5	2	2	0	0	3.741	0.732	10.806	4	0.992	1.113	0	0	0	1.271	2	0	0	0	2.42	0	0	0	2.731	0	2	0	2	3.785	2.348	0	8.784	0	0
5.076	1.9467	0	0	0	0	4	42	1	3	0	-0.185	4.049	2.094	10.679	10	0.989	1.121	0	0	0	1.25	2	0	0	0	2.372	0	0	12.363	5.623	0	2	0	1	3.827	2.222	0	8.963	0	0
5.656	2.6715	2	0	0	1	4	45.7	1	3	0	-0.741	4.116	1.33	10.978	9	1.02	1.11	0	0	0	1.279	2	0	1	0	2.481	0	0	12.298	2.211	0	2	0	1	3.944	2.562	0	9.362	0	2
5.534	2.6742	4	0	0	1	8	45.5	2	2	0	0	5.001	0.74	11.131	4	1.019	1.094	0	0	0	1.4	2	1	0	0	2.475	0	1	0	2.978	0	6	0	2	6.896	2.361	0	12.971	0	4
5.003	2.9434	0	0	3	0	3	50	0	0	3	0	3.347	0.629	10.084	0	0.982	1.108	0	0	0	1.321	3	0	0	0	2.351	0.004	0	0	1.075	0	1	2	2	3.876	2.091	1	8.48	0	0
5.097	2.9965	0	0	6	0	4	45.5	0	0	6	0	3.429	0.73	10.265	0	0.988	1.121	0	0	0	1.301	3	0	0	0	2.39	-0.002	0	0	1.128	0	2	4	4	3.918	2.222	2	8.577	0	0
5.119	3.0152	0	0	6	0	4	45.5	0	0	6	0	3.429	0.73	10.265	0	0.988	1.121	0	0	0	1.302	3	0	0	0	2.394	-0.002	0	0	1.098	0	2	4	4	3.921	2.222	2	8.577	0	0
4.933	2.0578	0	0	3	0	4	53.3	0	0	4	0	3.772	0	10.465	0	0.98	1.1	0	0	0	1.34	4	0	0	1	2.359	0	0	0	3.08	0	2	4	1	3.865	1.951	1	8.875	0	0
5.177	3.0834	2	0	0	0	5	52.6	0	1	0	0	3.754	0.773	10.418	3	1.027	1.093	0	0	0	1.337	3	0	1	0	2.426	0.001	0	0	1.085	0	3	0	1	4.122	2.504	0	9.163	0	2
4.861	2.4143	0	0	0	0	2	45.5	0	0	0	0	3.186	0	9.863	0	0.968	1.113	0	0	0	1.3	3	0	0	0	2.303	-0.007	0	0	1.047	0	0	0	0	3.657	1.733	0	8.069	0	0
4.802	2.1315	0	0	0	0	0	42.9	0	0	0	0	3.065	0	9.805	0	0.967	1.119	0	0	0	1.308	3	0	0	0	2.323	0.012	0	0	0.95	2	0	0	0	3.466	1.685	0	7.805	0	0
4.783	2.289	0	0	0	0	0	42.9	1	0	0	1.669	3.072	1.057	9.982	0	0.967	1.119	0	0	0	1.324	3	0	0	0	2.413	0.012	0	0	1.358	2	0	0	0	3.594	1.704	0	7.933	0	0
5	2.039	0	0	0	0	0	45.5	0	0	0	0	3.196	0	10.284	0	0.968	1.113	0	0	0	1.35	6	0	0	0	2.518	0.003	0	0	0.912	4	0	0	0	3.633	1.633	0	8.066	0	0
5.124	1.6801	0	0	0	0	8	42.3	4	4	0	0	4.148	0.596	11.063	10	0.996	1.12	0	0	0	1.234	4	0	0	0	2.437	0	0	0	3.93	0	2	0	0	3.882	2	0	9.237	0	0
4.835	2.2543	0	0	3	0	3	53.8	0	0	4	0	3.666	0	10.423	0	0.982	1.099	0	0	0	1.354	4	0	0	1	2.417	0	0	0	2.345	0	0	4	1	3.942	1.944	1	8.839	0	0
4.802	2.6247	0	0	4	0	2	39.1	0	2	9	-0.538	3.601	1.489	10.297	3	1.027	1.137	0	0	0	1.245	3	0	0	1	2.386	-0.001	0	10.865	2.684	0	0	4	2	3.936	2.512	3	8.751	0	0
4.931	2.9714	0	0	3	0	3	41.2	0	2	6	0	3.507	1.028	10.239	4	1.05	1.137	0	1	0	1.273	3	0	0	1	2.375	-0.002	0	20.668	1.723	0	1	6	1	3.966	2.875	3	8.841	0	0
4.499	3.0701	0	0	1	0	0	46.7	0	0	1	0	3.013	1.125	9.311	0	0.984	1.116	0	0	0	1.299	1	0	0	0	2.136	0.045	0	0	1.481	0	0	2	0	3.599	2.208	1	7.964	0	0
4.414	3.2496	0	0	1	0	0	38.5	0	0	3	0	2.883	0.802	9.183	0	0.998	1.141	0	0	0	1.253	1	0	0	0	2.101	-0.081	0	0	0.975	0	0	3	2	3.587	2.381	2	7.838	0	0
4.414	3.223	0	0	1	0	0	38.5	0	0	2	0	2.883	0.802	9.183	0	0.998	1.141	0	0	0	1.256	1	0	0	0	2.101	-0.081	0	0	0.975	0	1	4	2	3.581	2.381	2	7.834	0	0
5.003	3.0607	0	0	1	0	3	50	0	1	3	0	3.367	0.629	10.084	2	1.004	1.109	0	0	0	1.295	3	0	0	0	2.351	0.004	0	0	1.075	0	1	3	1	3.895	2.364	1	8.515	0	0
5.29	3.4786	2	0	1	0	0	30	5	3	6	0	3.963	1.958	10.77	8	1.002	1.136	0	0	0	1.263	1	0	0	0	2.36	0	0	0	3.196	0	0	5	0	4.699	2.227	2	9.633	0	0
5	2.2838	0	0	6	0	4	41.5	0	0	8	0.556	3.887	1.048	10.745	0	0.982	1.128	0	0	0	1.281	2	0	0	0	2.358	0	0	0	3.585	0	2	6	1	3.796	2.067	3	8.919	0	0
5.775	1.4888	0	0	5	1	10	47.9	1	3	9	-0.314	4.579	0.42	11.693	14	0.992	1.111	0	0	0	1.286	11	0	0	1	2.666	0	0	13.296	3.124	1	5	8	1	4.026	2.024	2	9.653	1	0
4.985	2.5536	0	0	3	0	3	50	0	0	3	0	3.49	0.569	10.158	0	0.98	1.107	0	0	0	1.313	2	0	0	0	2.327	0.001	0	0	2.096	0	1	2	2	3.765	2.077	1	8.528	0	0
3.618	3.2048	1	0	0	0	0	44.4	0	0	0	0	2.816	0	8.412	0	0.983	1.083	0	0	0	1.476	1	0	0	0	2	-0.214	0	0	0.579	0	0	0	0	4.034	1.967	0	8.415	0	0
5	3.5426	3	0	0	1	0	25	2	0	0	0	3.224	0.722	9.657	0	1.078	1.135	0	0	1	1.366	0	0	0	0	2	0.389	0	0	0.8	0	0	0	0	4.227	3.117	0	8.859	0	3
5.345	6.9923	0	0	0	1	0	32.7	8	8	0	-1.343	4.603	2.936	11.367	32	0.988	1.14	0	0	0	1.18	0	0	0	0	2.361	0	0	52.856	3.435	0	0	0	0	3.563	2.25	0	9.275	0	0
3.978	2.9644	0	0	1	0	0	32.8	1	1	1	0	3.799	3.44	9.762	1	0.971	1.141	0	0	0	1.207	0	0	0	0	1.98	0	0	9.874	8.527	0	0	1	0	3.359	1.905	1	8.252	0	0
4.17	3.3271	1	1	0	0	0	10	0	0	0	0.116	2.767	0.971	8.597	0	1.027	1.183	1	0	0	1.193	0	0	0	0	1.848	0.419	0	0	1.542	0	0	1	5	3.849	3.167	3	8.14	0	0
5.382	3.4093	0	0	0	2	2	44.4	2	0	0	0	3.648	1.197	10.84	0	1.139	1.229	0	0	2	1.046	1	0	0	0	2.381	0.001	0	0	2.219	0	0	0	0	3.809	4.417	0	8.673	0	6
4.923	3.5834	0	0	1	0	2	40	0	3	2	0	3.299	1.185	9.911	6	1.057	1.13	0	1	0	1.213	1	0	0	0	2.267	0.015	0	20.135	1.563	0	2	2	1	3.861	3.333	1	8.518	0	0
4.965	3.6023	0	0	2	0	3	38.9	1	3	2	0	3.375	1.16	10.099	6	1.041	1.132	0	1	0	1.218	1	0	0	0	2.305	-0.008	0	20.439	1.553	0	2	2	1	3.882	3.182	1	8.601	0	0
4.856	3.0864	2	0	0	0	3	42.1	0	3	0	-1.05	3.735	1.662	10.15	2	1.061	1.115	0	0	0	1.249	1	0	1	0	2.281	-0.002	0	10.157	2.83	0	3	0	1	4.009	2.991	0	9.053	0	2
5.372	2.8994	1	0	3	0	1	34.5	1	2	3	0	3.649	2.108	10.403	6	1.001	1.129	0	0	0	1.249	1	0	0	0	2.327	0.001	0	23.192	3.163	0	1	2	1	4.705	2.542	1	9.481	0	0
5.516	2.7057	1	0	2	0	4	41.4	0	2	4	0	3.872	0.732	10.806	8	1.012	1.118	0	0	0	1.29	2	0	0	0	2.426	0	0	24.454	2.676	0	4	4	4	4.738	2.681	2	9.664	0	0
5.188	2.6152	3	0	2	1	2	45	0	2	2	-1.233	3.998	1.274	10.841	6	1.082	1.116	0	0	0	1.287	3	0	0	0	2.497	0	0	23.37	2.276	0	0	3	0	4.257	3.123	1	9.436	0	3
5.414	2.419	1	2	11	1	7	42.5	4	1	12	0	4.094	0.917	11.157	3	1.001	1.124	0	0	0	1.303	4	0	1	1	2.489	0	0	0	2.907	0	3	10	1	4.065	2.229	3	9.38	0	1
4.593	2.3348	0	0	0	0	0	29.6	2	1	2	0	3.098	1.461	9.665	0	0.981	1.149	0	0	0	1.17	1	0	0	0	2.175	0.012	0	0	2.298	0	0	3	0	3.265	1.833	1	7.58	0	0
4.768	2.808	1	0	2	0	0	33.3	1	1	3	1.18	3.423	1.455	9.921	2	1.007	1.133	0	0	0	1.278	1	0	0	0	2.262	-0.008	0	10.844	1.945	0	0	3	2	3.904	2.515	2	8.644	0	0
5.054	2.3939	2	1	8	0	6	42.9	0	2	16	0	4.393	1.709	10.966	4	1.032	1.128	0	1	0	1.289	2	0	1	0	2.374	0	0	21.618	5.285	0	6	14	0	4.09	2.758	6	9.674	0	2
5.003	2.6389	1	1	12	0	6	37.1	3	7	15	-1.11	4.549	1.969	11.22	8	1.03	1.137	0	1	0	1.218	2	0	1	0	2.38	0	0	56.27	4.828	0	6	15	1	3.992	2.753	5	9.692	0	1
5.421	1.9985	1	0	4	0	9	52.6	0	4	3	-0.848	4.52	0.638	11.207	15	1.025	1.097	0	0	0	1.305	7	1	0	0	2.558	0	1	25.591	3.126	0	5	2	3	6.879	2.561	1	11.671	0	1
5.468	2.0989	0	0	7	0	9	50	0	6	8	-1.693	4.31	0.82	11.288	18	1.04	1.108	0	1	0	1.261	7	0	0	1	2.583	0	0	48.901	2.801	0	5	6	3	4.061	2.887	2	9.531	0	0
5.32	2.628	0	0	2	1	2	42.9	3	0	3	1.361	3.454	0.773	10.617	0	0.975	1.122	0	0	0	1.3	3	0	0	0	2.428	0.001	0	0	1.204	1	1	5	1	3.792	1.904	1	8.475	0	0
4	2.8657	3	0	0	0	0	20	1	0	0	0	3.134	0.811	8.318	0	1.148	1.132	0	0	0	1.376	0	0	0	0	1.732	-0.636	0	0	1	0	0	0	0	4.118	3.417	0	8.732	0	3
3.414	2.1303	2	0	0	0	0	25	2	0	0	0	4.047	1	7.408	0	1.014	1.116	0	0	0	1.5	0	1	0	0	1.618	-0.501	0	0	1.707	0	0	0	0	6.901	2.125	0	12.252	0	2
4.517	2.7655	0	0	1	0	1	40	1	0	2	0	3.073	1.409	9.391	0	0.976	1.129	0	0	0	1.264	1	0	0	0	2.149	-0.024	0	0	2.036	0	1	3	1	3.562	1.963	1	7.899	0	0
5.461	2.7306	0	0	7	2	0	29.4	4	0	5	0	3.271	1.124	10.724	0	0.972	1.151	0	0	0	1.2	1	0	0	0	2.412	0.003	0	0	1.306	0	0	3	4	3.487	1.986	2	7.935	0	0
5.018	2.6755	0	0	0	0	4	50	0	4	0	-1.992	3.746	1.125	10.568	8	1.035	1.104	0	0	0	1.254	3	0	0	0	2.396	0	0	21.451	2.158	0	0	0	2	3.919	3	0	8.915	0	0
4.802	2.6956	1	0	2	0	2	43.8	0	0	4	0.682	3.385	0.664	10.012	0	1.003	1.109	0	0	0	1.351	3	0	0	0	2.364	-0.007	0	0	1.146	0	2	4	2	3.945	2.167	2	8.71	0	0
5.014	2.6689	1	0	0	0	4	57.1	0	0	0	0	3.647	0	10.384	0	0.981	1.075	0	0	0	1.419	6	0	0	0	2.469	-0.001	0	0	1.305	0	0	0	0	4.345	1.885	0	9.171	0	0
4.303	3.3609	1	0	0	0	0	30	0	0	2	0	2.965	0.862	9.067	0	1.016	1.133	0	0	0	1.35	1	0	0	0	2.115	0.139	0	0	0.956	0	0	1	2	4.123	2.417	2	8.563	0	0
5.697	2.6497	0	0	6	1	1	41.4	1	3	6	-1.903	3.768	0.972	10.864	10	1.021	1.128	0	0	0	1.235	2	0	0	0	2.511	0	0	35.007	1.861	0	0	2	2	3.82	2.789	2	8.806	0	0
5.359	4.2584	0	0	0	3	0	32	9	0	0	0	3.51	1.842	10.987	0	0.96	1.141	0	0	0	1.256	0	0	0	0	2.314	-0.001	0	0	3.775	0	0	0	0	3.423	1.724	0	8.212	0	0
5	3.1241	0	0	0	1	0	25	3	0	0	0	2.388	0.722	9.657	0	0.97	1.161	0	0	0	1.176	0	0	0	0	2	0.325	0	0	0.8	0	0	3	2	3.224	2.25	1	7.03	0	0
4.214	2.904	0	0	2	0	0	22.2	1	0	0	0	2.565	1.459	8.755	0	0.979	1.171	0	0	0	1.143	0	0	0	0	1.902	-0.213	0	0	2.052	0	0	2	2	3.07	2.167	2	6.918	0	0
3.802	2.6771	0	0	2	0	0	20	2	0	0	0	2.715	1.95	8.394	0	0.986	1.179	0	0	0	1.083	0	0	0	0	1.848	0.131	0	0	2.885	0	0	4	5	2.937	2.357	3	6.869	0	0
3.802	2.7037	0	0	1	0	0	21.1	2	1	0	0	2.734	1.95	8.394	0	0.997	1.173	0	0	0	1.071	0	0	0	0	1.848	0.136	0	0	2.885	0	0	3	4	2.946	2.643	2	6.907	0	0
3.973	2.8789	1	0	0	0	0	31.6	2	0	0	0	3.744	3.301	9.649	0	0.963	1.137	0	0	0	1.238	0	0	0	0	1.975	0	0	0	7.718	0	0	0	0	3.349	1.617	0	8.202	0	0
4.5	3.9147	4	0	0	0	0	31.3	3	0	0	0	4.566	3.777	10.56	0	0.963	1.133	0	0	0	1.271	0	0	0	0	2.121	0	0	0	7.395	0	0	0	0	4.527	1.552	0	9.639	0	0
5.259	4.7145	1	0	0	0	0	23.1	3	4	0	0	3.375	1.868	10.091	9	1.014	1.149	0	0	0	1.165	0	0	0	0	2.236	0.015	0	11.347	1.836	0	0	0	0	4.415	2.619	0	9.008	0	0
5.236	4.6932	1	0	0	0	0	17.6	0	4	0	0	3.144	1.406	9.967	9	1.041	1.155	0	0	0	1.136	0	0	0	0	2.189	-0.09	0	10.653	1.309	0	0	0	0	4.421	3.038	0	8.962	0	0
5.262	3.6865	2	0	0	0	0	30.5	3	0	0	0	3.88	2.733	10.387	0	0.962	1.135	0	0	0	1.299	0	0	1	0	2.257	0	0	0	3.441	0	0	0	0	4.278	1.665	0	9.024	0	1
4.807	3.2147	0	0	2	0	3	40	2	0	3	0	3.087	0.881	9.833	0	0.976	1.129	0	0	0	1.288	1	0	0	0	2.246	-0.024	0	0	1.06	0	1	2	2	3.704	2.111	1	8.099	0	0
4.83	2.1379	0	0	2	0	4	41.5	0	0	4	0	3.819	1.039	10.623	0	0.977	1.126	0	0	0	1.287	2	0	0	0	2.311	0	0	0	3.774	0	2	4	0	3.718	1.904	2	8.803	0	0
4.882	3.2197	0	0	2	0	2	39.1	0	2	2	-0.89	3.399	1.258	10.136	4	1.008	1.13	0	0	0	1.221	1	0	0	0	2.288	0.004	0	10.557	2.011	0	1	2	1	3.733	2.667	1	8.409	0	0
5.201	3.8748	0	0	2	0	3	40	0	6	3	-3.157	3.707	1.254	10.498	12	1.092	1.129	0	1	0	1.174	1	0	0	0	2.404	-0.001	0	42.199	1.609	0	1	2	2	3.94	3.756	1	8.937	0	0
5.375	3.6618	1	0	1	0	3	33.3	1	3	2	0	3.564	1.124	10.524	6	1.033	1.129	0	0	0	1.235	1	0	0	0	2.368	0.004	0	21.363	1.671	0	2	2	3	4.74	3.16	1	9.542	0	0
5.385	3.7456	2	0	2	0	4	33.3	1	3	2	0	3.745	1.084	10.644	6	1.048	1.126	0	0	0	1.258	1	0	1	0	2.396	-0.002	0	21.468	1.693	0	3	2	3	4.742	3.207	1	9.697	0	1
5.511	2.6317	1	0	0	0	4	44.4	0	4	0	0	3.884	0.732	10.806	12	1.03	1.105	0	0	0	1.275	2	0	0	0	2.42	0	0	24.186	2.731	0	4	0	2	4.737	2.917	0	9.671	0	0
5.016	2.2586	0	0	0	0	0	37.5	1	3	0	-0.589	3.389	0.799	10.366	8	1.012	1.13	0	0	0	1.195	3	0	0	0	2.441	-0.002	0	22.204	1.197	3	0	0	0	3.686	2.611	0	8.289	0	0
4.694	1.7937	1	0	6	0	0	32.5	0	0	6	0.902	3.673	0.5	10.219	0	0.975	1.137	0	0	0	1.228	2	0	0	0	2.236	0	0	0	3.872	0	0	4	2	3.856	1.75	2	8.614	0	0
5.665	1.9758	2	0	0	0	3	51.4	0	0	0	0	4.052	0.432	10.89	0	0.976	1.085	0	0	0	1.424	3	0	1	0	2.49	0	0	0	1.839	0	3	0	0	4.433	1.99	0	9.487	0	1
5.307	3.0431	10	0	0	0	12	52.2	0	1	0	0	5.701	0.719	11.156	4	1.089	1.03	0	0	0	1.583	2	1	0	0	2.485	0	1	0	3.176	0	12	0	0	6.99	2.217	0	13.877	0	10
5.511	1.5321	0	0	2	2	6	48.4	4	0	4	0	4.328	0.541	11.432	0	0.973	1.108	0	0	0	1.315	4	0	0	1	2.431	0	0	0	5.586	0	2	4	1	3.805	1.903	1	9.379	0	0
5.392	2.6779	2	0	2	0	6	36.8	0	6	4	0	4.264	1.018	11.255	12	1.043	1.121	0	0	0	1.244	2	0	0	0	2.416	0	0	45.607	4.149	0	4	4	6	4.747	3.16	2	10.25	0	0
5.35	2.0188	4	0	0	0	12	53.3	0	7	0	-5.135	4.7	0.899	11.524	18	1.062	1.092	0	0	0	1.297	6	0	1	0	2.522	0	0	49.639	5.027	0	4	0	2	4.18	2.932	0	10.094	2	4
5.995	3.0045	6	0	0	3	0	39.1	0	4	0	-3.753	4.318	1.053	11.51	8	1.116	1.112	0	0	0	1.278	3	0	1	0	2.789	0	0	22.691	1.075	4	0	0	2	4.405	3.355	0	9.839	0	6
5.38	2.1089	0	0	0	0	0	40	3	3	0	0.787	3.73	1	10.919	8	0.998	1.125	0	0	0	1.237	6	0	0	0	2.596	0	0	23.572	1.434	5	0	0	0	3.795	2.353	0	8.688	0	0
5.119	2.5804	0	0	0	0	4	54.5	0	0	0	0	3.434	0	10.355	0	0.974	1.094	0	0	0	1.369	7	0	0	0	2.471	0.001	0	0	0.751	0	0	0	0	3.941	1.806	0	8.592	0	0
5.423	2.9683	4	0	2	0	8	35.3	0	6	4	0	4.386	1.016	11.356	12	1.07	1.119	0	0	0	1.262	2	0	1	0	2.477	0	0	45.487	3.03	0	6	4	6	4.751	3.308	2	10.384	0	2
4.303	3.5568	0	1	0	0	0	20	0	0	1	0	2.774	0.862	9.067	0	1.041	1.199	0	0	0	1.194	1	0	0	1	2.115	0.15	0	0	0.956	0	0	2	3	3.662	2.694	4	7.859	0	0
5.431	2.8292	0	0	0	2	0	30	4	1	1	0	3.203	0.832	10.681	2	0.979	1.148	0	0	0	1.202	1	0	0	0	2.394	-0.007	0	0	1.055	2	0	6	2	3.509	2.121	1	7.93	0	0
4	2.368	0	0	0	0	0	28.6	0	2	0	0	2.647	0	8.623	0	1.014	1.149	0	0	0	1.083	1	0	0	0	2	0.135	0	0	0.667	0	0	0	0	3.122	2.167	0	7.015	0	0
5.493	2.0841	0	0	12	6	12	38.1	18	6	15	-2.283	4.908	0.97	12.308	24	0.988	1.131	0	0	0	1.248	4	0	0	0	2.525	0	0	44.045	3.898	0	3	3	3	3.918	2.281	3	9.972	0	0
4.838	2.2234	0	0	2	0	0	33.3	0	0	6	1.397	3.229	0	9.909	0	0.977	1.145	0	0	0	1.22	3	0	0	0	2.291	0.004	0	0	1.145	0	0	5	0	3.502	1.697	2	7.886	0	0
5.02	2.2627	0	0	4	0	6	42.3	4	4	8	-1.023	4.241	1.776	11.051	6	1.004	1.123	0	0	0	1.267	2	0	0	0	2.392	0	0	45.646	4.905	0	2	6	2	3.834	2.595	2	9.307	0	0
5.013	1.8267	2	1	16	0	7	42.4	2	5	14	-1.123	4.692	1.541	11.371	5	1.019	1.121	0	0	0	1.277	5	0	1	0	2.415	0	0	35.613	4.374	0	4	13	1	4.304	2.444	5	9.956	0	1
5.02	1.5772	2	2	14	0	8	45.7	2	4	20	-2.182	4.79	0.774	11.501	6	1.018	1.118	0	0	0	1.289	4	0	1	0	2.393	0	0	49.391	7.983	0	6	18	2	4.005	2.543	6	9.977	0	2
5.126	2.3232	0	1	11	0	7	47.2	1	3	11	0	4.103	0.832	10.931	6	1.02	1.117	0	1	0	1.282	4	0	0	0	2.418	0	0	22.238	3.982	0	4	8	1	3.956	2.594	3	9.333	0	0
5.325	3.1038	4	0	2	0	6	50	0	2	2	-1.249	4.049	0.789	10.761	6	1.114	1.095	0	0	0	1.331	3	0	1	0	2.534	0	0	22.671	1.13	0	4	2	1	4.274	3.085	1	9.567	0	4
4.923	2.4754	1	0	0	0	2	47.1	0	1	0	0	3.392	0.664	9.946	2	1.011	1.107	0	0	0	1.271	2	0	1	0	2.387	-0.007	0	0	1.563	0	1	0	0	3.922	2.178	0	8.669	0	1
4.782	2.3537	0	0	2	0	0	30.8	1	2	2	-0.638	3.243	1.273	9.947	4	0.998	1.147	0	0	0	1.141	1	0	0	0	2.251	-0.007	0	10.518	1.951	2	0	1	3	3.446	2.621	1	7.915	0	0
2	1.1349	0	1	0	0	0	0	0	0	0	0	1.544	0	4.174	0	1.015	1.235	1	0	0	0.863	0	0	0	0	1	-1.099	0	0	1	0	0	0	4	2.267	4	2	4.917	0	0
4.214	2.8141	0	0	0	0	0	33.3	2	0	0	0	2.582	1.459	8.755	0	0.961	1.138	0	0	0	1.27	0	0	0	0	1.902	-0.197	0	0	2.052	0	0	0	0	3.09	1.972	0	7.038	0	0
3.902	2.6931	2	0	0	0	0	30.8	2	0	0	0	3.401	2.322	8.881	0	0.985	1.139	0	0	0	1.241	0	0	1	0	1.919	-0.022	0	0	4.086	0	0	0	0	3.547	2.022	0	8.444	0	2
5.164	3.7343	4	0	0	1	0	27.3	2	0	0	0	3.525	1.379	9.874	0	1.075	1.131	0	0	0	1.305	0	0	1	0	2.136	0.138	0	0	1.496	0	0	0	0	4.099	2.956	0	9.051	0	4
5.646	4.8224	3	0	0	2	0	25	2	0	0	0	3.543	0.811	10.505	0	1.27	1.262	0	0	2	1.119	0	0	0	0	2.303	-0.099	0	0	1.411	0	0	0	0	4.196	4.854	0	9.044	0	6
4.17	3.6942	3	0	0	0	0	33.3	0	0	0	0.09	3.245	0.971	8.597	0	1.123	1.11	0	0	0	1.38	0	0	0	0	1.848	0.414	0	0	1.542	0	0	0	0	4.098	3.2	0	8.832	0	3
4.496	3.6686	0	0	3	0	0	30	3	0	3	0	3.287	2.237	9.519	0	0.965	1.147	0	0	0	1.197	0	0	0	0	2.101	0.003	0	0	2.551	0	0	3	0	3.165	1.654	1	7.567	0	0
4.253	3.0445	0	0	2	0	0	27.8	0	0	2	0	3.226	2.252	9.598	0	0.97	1.155	0	0	0	1.191	0	0	0	0	2	-0.007	0	0	4.596	0	0	2	0	3.112	1.75	2	7.652	0	0
4.303	3.1413	0	0	0	0	0	23.5	2	1	0	0	2.587	1.459	8.815	2	0.991	1.164	0	0	0	1.072	0	0	0	0	1.932	-0.222	0	0	1.745	0	0	2	1	3.128	2.5	1	6.959	0	0
5.164	3.5612	0	0	0	1	0	26.3	4	2	0	0	2.756	1.379	9.874	6	0.998	1.153	0	0	0	1.091	0	0	0	0	2.136	0.131	0	0	1.496	0	0	0	2	3.278	2.893	0	7.268	0	0
5.303	4.0516	0	0	0	1	0	26.1	4	3	0	0	3.01	1.392	10.053	9	1.007	1.154	0	0	0	1.079	0	0	0	0	2.236	0.044	0	0	1.164	0	0	0	3	3.32	3.028	0	7.453	0	0
5.098	3.4015	0	0	0	1	0	26.1	4	1	0	0	2.859	1.5	9.872	0	0.983	1.157	0	0	0	1.138	0	0	0	0	2.112	-0.073	0	0	2.472	0	0	4	2	3.271	2.344	1	7.383	0	0
4.438	3.4065	0	0	0	0	0	26.1	3	1	0	0	2.85	1.561	9.104	0	0.983	1.157	0	0	0	1.122	0	0	0	0	2.029	-0.073	0	0	2.054	0	0	3	1	3.137	2.25	1	7.167	0	0
4.491	3.6384	0	0	2	0	0	28.6	3	1	2	0	3.231	2.23	9.449	0	0.976	1.151	0	0	0	1.166	0	0	0	0	2.093	-0.007	0	0	2.764	0	0	3	1	3.167	2	1	7.528	0	0
3.879	2.8492	0	0	0	0	0	29.6	2	1	0	0	2.938	2.281	8.743	2	0.973	1.146	0	0	0	1.169	0	0	0	0	1.902	0.04	0	0	3.685	0	0	0	0	2.997	1.833	0	7.135	0	0
5.283	4.9583	0	0	0	4	0	29.6	10	4	0	0	3.781	2.161	11.219	14	0.988	1.146	0	0	0	1.164	0	0	0	0	2.298	0	0	0	5.013	0	0	0	0	3.48	2.1	0	8.553	0	0
5.333	4.7687	0	0	0	2	0	25.6	6	7	0	0	3.66	2.027	10.771	24	1.026	1.155	0	0	0	1.068	0	0	0	0	2.303	0	0	0	3.918	0	0	0	6	3.394	3.176	0	8.181	0	0
4.412	3.3381	0	0	4	0	0	32.2	2	2	2	0.253	4.479	4.297	10.675	4	0.971	1.142	0	0	0	1.198	0	0	0	0	2.086	0	0	24.053	15.507	0	0	4	2	3.374	1.841	2	8.904	0	0
4.947	4.3619	2	0	0	0	0	28.6	0	4	0	-2.409	4.298	1.371	9.956	4	1.101	1.126	0	0	0	1.246	0	1	0	0	2.214	-0.028	0	20.21	2.232	0	0	0	2	6.911	3.75	0	12.27	0	2
4.675	4.5744	0	0	0	0	0	27.3	0	6	0	-3.785	3.49	1.776	10.007	0	1.073	1.155	0	0	0	1.099	0	0	0	0	2.175	0.005	0	30.436	2.211	0	0	3	3	3.488	3.885	1	8.405	0	0
5.602	5.159	1	0	0	0	0	20.7	0	1	12	0	3.361	1.241	10.509	6	0.989	1.164	0	0	0	1.231	0	0	0	0	2.376	0.013	0	12.09	1.357	0	0	0	0	4.468	2.346	3	9.077	0	0
5.27	5.1487	7	0	0	0	0	25.7	3	4	0	0	5.27	2.388	10.649	12	1.039	1.119	0	0	0	1.379	0	1	0	0	2.284	0	0	12.499	3.036	0	0	0	0	6.912	2.39	0	13.367	0	6
5.184	3.9866	1	0	0	0	0	25	2	4	0	0	3.503	2.47	10.126	8	1.004	1.147	0	0	0	1.158	0	0	0	0	2.194	0.004	0	11.075	3.798	0	0	0	1	4.432	2.6	0	9.066	0	0
5.509	5.4486	2	0	0	0	0	29.6	6	1	0	0	5.083	2.383	10.95	6	0.961	1.132	0	0	0	1.397	0	0	0	0	2.414	0	0	0	3.022	0	0	0	0	10.428	1.604	0	14.7	0	0
5.349	4.4437	1	0	0	0	0	29.8	4	2	0	-0.024	4.494	2.184	10.42	3	0.973	1.134	0	0	0	1.343	0	0	0	0	2.318	0	0	11.379	1.951	0	0	0	0	10.323	2.005	0	14.008	0	0
5.333	4.5365	1	0	0	0	0	31.7	4	0	0	0	4.785	3.105	10.724	0	0.959	1.136	0	0	0	1.292	0	0	0	0	2.309	0	0	0	3.559	0	0	0	0	10.319	1.528	0	14.007	0	0
4.481	3.8606	0	0	0	0	0	36	0	0	3	0	3.135	1.895	9.292	0	0.971	1.136	0	0	0	1.285	0	0	0	0	2.074	-0.024	0	0	2.02	0	0	3	0	3.257	2.15	1	7.746	0	0
5.333	4.7127	0	0	0	2	0	27.9	6	5	0	0	3.631	2.027	10.771	18	1.003	1.15	0	0	0	1.107	0	0	0	0	2.303	0	0	0	3.918	0	0	0	4	3.386	2.706	0	8.143	0	0
5.511	2.626	3	0	0	0	4	48	0	2	0	0	4.046	0.732	10.806	8	1.032	1.092	0	0	0	1.347	2	0	1	0	2.42	0	0	24.34	2.731	0	4	0	0	4.738	2.694	0	9.875	0	2
5.138	3.6483	3	0	0	0	4	46.7	0	2	0	-1.188	3.792	1.124	10.297	4	1.085	1.1	0	0	0	1.31	1	0	1	0	2.368	0.004	0	10.567	1.45	0	3	0	1	4.147	3.139	0	9.259	0	3
4.912	3.2927	0	0	2	0	3	40	2	0	3	0	3.087	0.881	9.863	0	0.976	1.129	0	0	0	1.286	1	0	0	0	2.264	-0.024	0	0	0.95	0	1	2	2	3.719	2.111	1	8.103	0	0
4.732	3.2078	0	0	3	0	3	40	2	0	2	0	3.087	0.881	9.803	0	0.976	1.129	0	0	0	1.298	1	0	0	0	2.236	-0.024	0	0	0.95	0	1	2	2	3.695	2.111	1	8.095	0	0
4.783	3.1257	0	0	1	0	2	40	1	0	3	0	3.08	1.187	9.668	0	0.976	1.129	0	0	0	1.273	1	0	0	0	2.222	-0.024	0	0	1.358	0	1	2	1	3.65	1.981	1	8.005	0	0
4.75	2.0515	0	0	5	0	3	40.9	3	0	7	0	3.859	1.491	10.536	0	0.976	1.126	0	0	0	1.282	2	0	0	1	2.285	0	0	0	4.361	0	3	8	2	3.689	1.908	2	8.765	0	0
4.596	3.1791	0	0	2	0	2	37.5	0	0	4	0	2.997	0.875	9.54	0	0.991	1.14	0	0	0	1.254	1	0	0	0	2.175	0.045	0	0	1.069	0	2	4	4	3.638	2.417	2	7.969	0	0
4.596	3.2067	1	0	1	0	2	42.9	0	0	2	0	3.202	0.875	9.54	0	1.005	1.121	0	0	0	1.316	1	0	1	0	2.175	0.045	0	0	1.069	0	2	2	2	3.876	2.431	1	8.463	0	1
4.732	3.271	1	0	1	0	2	42.9	0	0	2	0	3.202	0.875	9.579	0	1.005	1.121	0	0	0	1.312	1	0	1	0	2.194	0.045	0	0	0.854	0	2	2	2	3.903	2.431	1	8.466	0	1
4.77	2.9221	0	0	1	0	2	39.1	2	0	2	0	3.175	1.185	9.882	0	0.974	1.13	0	0	0	1.27	1	0	0	0	2.236	0.013	0	0	1.74	0	1	2	2	3.651	2.067	1	8.096	0	0
5.005	1.8996	0	0	1	0	2	39.4	1	2	5	0	3.657	0.5	10.424	0	0.995	1.128	0	0	0	1.204	3	0	0	0	2.396	0	0	0	2.271	0	1	4	0	3.697	1.938	1	8.68	0	0
4.796	3.4006	0	0	2	0	2	41.2	1	2	2	0	3.278	1.185	9.882	4	1.024	1.127	0	1	0	1.253	1	0	0	0	2.243	0.015	0	20.317	1.686	0	1	2	0	3.835	2.933	1	8.497	0	0
4.923	3.5053	0	0	1	0	2	41.2	1	2	3	0	3.278	1.185	9.911	4	1.024	1.127	0	1	0	1.254	1	0	0	0	2.267	0.015	0	20.455	1.563	0	1	2	0	3.854	2.933	1	8.499	0	0
4.77	3.3176	0	0	1	0	2	41.2	1	2	2	0	3.278	1.185	9.882	4	1.024	1.127	0	1	0	1.253	1	0	0	0	2.236	0.015	0	20.236	1.74	0	1	2	0	3.83	2.933	1	8.497	0	0
4.912	3.3307	0	0	0	0	3	42.1	2	1	0	0	3.1	0.881	9.863	4	0.987	1.12	0	0	0	1.271	1	0	0	0	2.264	-0.024	0	0	0.95	0	1	0	1	3.728	2.333	0	8.118	0	0
5.027	3.4136	0	0	0	0	4	40.9	3	1	0	0	3.193	0.861	10.084	4	0.983	1.123	0	0	0	1.269	1	0	0	0	2.318	0.013	0	0	0.984	0	1	0	1	3.784	2.267	0	8.242	0	0
4.845	3.2928	0	0	3	0	3	38.1	1	1	2	0	3.198	1.185	9.902	2	0.993	1.133	0	0	0	1.241	1	0	0	0	2.267	0.014	0	0	1.393	0	2	2	2	3.718	2.25	1	8.175	0	0
4.732	2.4398	0	0	0	0	3	50	1	1	0	0	3.558	0.544	10.15	4	0.986	1.104	0	0	0	1.31	2	0	0	0	2.264	-0.001	0	0	2.919	0	2	0	0	3.699	2.036	0	8.573	0	0
5.979	2.4858	0	0	5	5	6	37.5	8	4	6	-3.631	4.672	1.621	11.98	10	1.033	1.162	0	0	1	1.152	2	0	0	0	2.508	0	0	24.703	7.425	0	4	6	3	3.867	3.161	2	9.671	0	7
5.369	2.4228	2	2	8	0	4	32.4	0	5	6	0	4.22	1.315	11.166	12	1.044	1.134	0	0	0	1.236	2	0	0	0	2.374	0	0	45.922	4.369	0	4	2	6	4.714	3	4	10.183	0	0
4.856	3.0549	1	0	0	0	3	40.9	1	3	0	-0.991	3.613	1.662	10.15	3	1.033	1.12	0	0	0	1.234	1	0	1	0	2.281	-0.002	0	10.2	2.83	0	2	0	1	3.904	2.829	0	8.804	0	1
5.395	2.6091	1	0	0	2	8	40	8	2	0	0	4.144	1.006	11.361	6	0.982	1.119	0	0	0	1.301	2	0	0	0	2.449	0	0	0	3.714	0	4	0	2	4.055	2.147	0	9.332	0	0
4.849	3.0066	0	0	1	0	2	39.3	2	1	2	0	3.442	1.546	10.067	2	0.986	1.129	0	0	0	1.246	1	0	0	0	2.278	-0.002	0	10.413	2.303	0	1	4	0	3.682	2.256	1	8.33	0	0
5.268	3.9791	4	0	6	0	6	57.1	0	0	4	0	4.005	1.197	10.51	0	1.099	1.085	0	0	0	1.399	1	0	1	0	2.439	0.001	0	0	1.098	0	4	2	0	4.262	3.103	2	9.544	0	4
5.313	3.3759	1	0	2	0	2	35	1	2	2	0	3.484	1.16	10.388	4	1.018	1.125	0	0	0	1.27	1	0	0	0	2.311	-0.008	0	21.444	1.833	0	1	1	2	4.725	2.932	1	9.496	0	0
5.38	3.8121	1	0	1	0	3	33.3	1	5	2	0	3.739	1.197	10.666	10	1.07	1.129	0	1	0	1.221	1	0	0	0	2.389	0.001	0	42.164	1.962	0	2	2	1	4.74	3.565	1	9.679	0	0
4.876	2.3994	0	0	10	0	4	42.9	2	0	10	0.401	3.793	0.662	10.516	0	0.985	1.126	0	0	0	1.289	2	0	0	0	2.298	0	0	0	4.008	0	2	4	3	3.742	2.102	3	8.832	0	0
4.795	3.1901	0	0	2	0	3	38.5	2	2	1	-0.44	3.464	1.662	10.144	5	1.002	1.131	0	0	0	1.237	1	0	0	0	2.278	-0.002	0	10.87	2.609	0	1	0	1	3.724	2.436	1	8.46	0	0
4.814	2.6622	6	0	0	0	0	33.3	0	0	0	0	5.219	0.76	10.54	0	0.999	1.112	0	0	0	1.452	1	1	0	0	2.247	0	1	0	1.366	0	0	0	0	6.918	1.861	0	13.359	0	6
4.821	1.7046	0	0	0	0	0	36.4	0	2	0	0	3.183	0	10.081	4	0.998	1.132	0	0	0	1.147	4	0	0	0	2.487	0.004	0	0	1.669	1	0	0	0	3.552	1.833	0	8.16	0	0
5.256	2.8227	0	0	0	1	0	37.5	3	1	0	1.509	3.163	0.861	10.335	2	0.98	1.13	0	0	0	1.277	1	0	0	0	2.327	0.012	0	11.013	1.037	0	0	0	0	3.597	2.258	0	8.072	0	0
5.105	2.1775	0	0	0	0	0	35.6	0	7	0	-3.756	4.024	1.009	10.889	18	1.022	1.134	0	0	0	1.153	2	0	0	0	2.381	0	0	46.833	4.315	4	0	0	2	3.644	2.935	0	8.901	0	0
5.446	2.5224	2	0	1	0	3	40	1	4	2	0	4.116	1.197	10.882	12	1.018	1.111	0	1	0	1.308	2	0	0	0	2.397	0	0	21.296	3.431	0	3	2	0	4.719	2.57	1	9.801	0	0
4.65	2.596	0	0	0	0	2	42.3	1	1	0	0	3.361	1.758	9.82	2	0.981	1.12	0	0	0	1.276	1	0	0	0	2.224	0.004	0	10.332	2.705	0	0	0	0	3.652	2.236	0	8.227	0	0
5.236	3.9253	5	0	0	0	6	46.2	0	1	0	0	3.967	0.799	10.434	2	1.123	1.09	0	0	0	1.352	1	0	1	0	2.414	0.004	0	0	0.873	0	6	0	1	4.295	3.046	0	9.557	0	5
5.512	2.2581	0	0	0	1	4	40.4	4	4	0	0	4.013	1.555	10.927	4	0.998	1.124	0	0	0	1.227	2	0	0	0	2.426	0	0	0	4.054	0	2	0	2	3.787	2.301	0	8.93	0	0
5.349	1.9393	0	0	0	0	7	49.2	3	1	0	0	4.332	0.541	11.225	3	0.977	1.106	0	0	0	1.312	4	0	0	0	2.5	0	0	0	2.737	0	1	0	1	3.882	1.989	0	9.367	0	0
5.535	2.4918	8	0	0	1	8	41.2	4	2	0	0	5.587	1.707	11.349	6	1.017	1.097	0	0	0	1.429	2	1	0	0	2.484	0	1	0	4.711	0	6	0	0	6.912	2.073	0	13.654	0	8
5.131	2.5259	0	0	0	0	3	50	0	3	0	-0.688	3.829	1.126	10.558	9	1.009	1.104	0	0	0	1.269	2	0	0	0	2.384	0	0	23.875	2.895	0	0	0	0	3.833	2.546	0	8.899	1	0
5.095	1.9952	0	0	1	0	0	34.9	2	4	1	-0.437	3.866	0.737	10.802	11	1.003	1.137	0	0	0	1.207	2	0	0	0	2.383	0	0	34.836	3.664	4	0	2	2	3.58	2.633	1	8.709	0	0
5.775	1.9708	0	0	8	2	0	36.7	5	2	4	0.232	4.057	1.81	11.419	8	0.98	1.133	0	0	0	1.234	6	0	0	0	2.678	0	0	26.695	3.151	2	0	3	0	3.855	2.067	1	8.917	0	0
5.029	2.7083	0	0	3	0	3	46.2	1	0	3	0	3.479	1.139	10.174	0	0.977	1.115	0	0	0	1.312	3	0	0	0	2.369	0.001	0	0	1.808	0	1	3	1	3.875	1.923	1	8.536	0	0
5.092	2.3662	0	0	0	0	2	41.9	2	0	0	0	3.418	0.985	10.296	0	0.966	1.121	0	0	0	1.293	3	0	0	0	2.387	0.001	0	0	1.554	1	0	0	0	3.696	1.731	0	8.28	0	0
5.493	2.3368	0	0	0	1	0	38.5	2	0	0	1.531	3.145	0.853	10.592	0	0.964	1.128	0	0	0	1.288	3	0	0	0	2.53	-0.006	0	0	0.818	2	0	0	0	3.662	1.708	0	8.011	0	0
5.352	2.412	1	0	0	0	5	58.3	0	2	0	-0.321	3.898	0.682	10.784	8	1.021	1.084	0	0	0	1.327	6	0	1	0	2.518	0	0	24.433	1.322	0	1	0	0	4.041	2.575	0	9.177	0	1
5.352	2.415	0	0	0	0	5	56	0	3	0	-0.514	3.807	0.682	10.784	11	1.021	1.092	0	0	0	1.291	6	0	0	0	2.518	0	0	24.305	1.322	0	1	0	1	3.968	2.686	0	8.971	0	0
5.386	2.1526	0	0	0	0	6	60	0	2	0	-0.132	3.973	0.548	10.964	8	1.002	1.083	0	0	0	1.336	10	0	0	0	2.548	0	0	25.26	1.599	0	0	0	0	4.029	2.367	0	9.184	0	0
4.644	1.6696	0	0	2	0	0	31.8	1	1	4	0.135	3.937	4.12	10.222	3	0.973	1.144	0	0	0	1.175	1	0	0	0	2.306	0	0	11.381	9.52	0	0	1	1	3.532	1.819	2	8.485	0	0
4.303	3.1007	1	0	0	0	0	41.7	1	0	0	0	2.938	0.862	9.067	0	0.977	1.097	0	0	0	1.439	1	0	0	0	2.115	0.125	0	0	0.956	0	0	0	0	4.069	1.917	0	8.506	0	0
5.199	2.2119	0	3	10	0	5	46.4	1	1	12	0	3.826	0.604	10.853	2	1.006	1.12	0	0	0	1.301	7	0	0	3	2.726	0	0	0	2.47	0	2	10	1	4.403	2.137	3	9.363	0	0
4.414	3.1806	0	0	0	0	0	42.9	1	0	1	0	2.868	0.802	9.183	0	0.982	1.125	0	0	0	1.295	1	0	0	0	2.101	-0.077	0	0	0.975	0	0	3	0	3.579	2.095	1	7.821	0	0
4.414	3.2871	1	0	0	0	0	45.5	0	0	1	0	3.11	0.802	9.183	0	1.018	1.116	0	0	0	1.323	1	0	1	0	2.101	-0.081	0	0	0.975	0	0	2	0	3.867	2.397	1	8.386	0	1
4.499	3.1749	0	0	1	0	0	50	0	0	4	0	3.059	1.125	9.311	0	1.007	1.118	0	0	0	1.315	1	0	0	0	2.136	0.047	0	0	1.481	0	0	3	0	3.653	2.646	2	8.126	0	0
4.414	2.2803	0	0	0	0	0	30	0	0	1	0	2.736	0.802	9.183	0	0.97	1.149	0	0	0	1.178	1	0	0	0	2.101	-0.065	0	0	0.975	0	0	2	0	3.178	1.643	1	7.138	0	0
4.599	1.8586	2	0	4	0	0	26.7	0	2	0	0	3.676	0	10.013	0	1.007	1.139	0	0	0	1.215	2	0	0	0	2.211	-0.001	0	0	3.499	0	0	4	0	4.125	1.905	2	8.885	0	0
4	2.1902	0	0	0	0	0	25	0	0	0	0	2.605	0	8.623	0	0.984	1.166	0	0	0	1.107	1	0	0	0	2	0.121	0	0	0.667	0	0	4	2	3.061	1.833	2	6.883	0	0
4.93	2.6974	0	0	7	0	1	39.1	0	0	11	0	3.584	0.673	10.289	0	1.012	1.144	0	0	0	1.242	2	0	0	0	2.334	-0.001	0	0	2.214	0	0	2	4	3.835	2.405	5	8.682	0	0
5.286	3.4839	0	0	6	0	0	36.4	0	3	12	-1.986	3.805	1.622	10.617	12	1.018	1.14	0	0	0	1.224	1	0	0	0	2.458	0	0	35.814	1.615	0	0	3	0	3.789	2.861	3	8.759	0	0
5.022	1.587	2	2	14	0	10	44.7	4	4	22	-2.162	4.825	0.795	11.593	6	1.014	1.12	0	0	0	1.291	4	0	1	0	2.393	0	0	49.914	8.322	0	6	18	2	4.006	2.505	6	10.017	0	2
5.067	1.5353	0	0	2	0	4	51.2	0	4	4	-1.375	4.252	0.584	11.145	12	1.02	1.105	0	0	0	1.286	4	0	0	0	2.419	0	0	46.841	4.947	0	2	8	0	3.833	2.623	2	9.377	0	0
5.31	2.7525	2	1	6	1	4	37.5	5	3	8	-0.278	4.14	1.251	11.115	8	1.02	1.131	0	0	0	1.26	2	0	1	0	2.473	0	0	12.059	3.069	0	4	6	0	4.063	2.446	2	9.397	0	2
5.302	3.576	5	0	0	0	0	31	2	3	1	0	4.172	1.928	10.762	8	1.045	1.121	0	0	0	1.316	1	0	1	0	2.377	0	0	0	2.989	0	2	2	0	4.701	2.554	1	9.944	0	3
4.596	2.3621	0	0	0	0	0	30.4	2	0	1	0	2.867	0.875	9.54	0	0.969	1.148	0	0	0	1.2	1	0	0	0	2.175	0.037	0	0	1.069	0	0	4	1	3.247	1.708	1	7.325	0	0
4.799	3.2436	1	0	4	0	0	28	2	0	11	0	3.579	1.604	10.026	0	1.015	1.164	0	0	0	1.211	1	0	1	0	2.283	-0.002	0	0	2.211	0	0	2	2	3.949	2.316	5	8.723	0	1
4.816	3.2336	1	0	6	0	0	28.6	3	0	11	0	3.637	1.59	10.18	0	1.009	1.161	0	0	0	1.221	1	0	1	0	2.294	0.001	0	0	2.457	0	0	3	2	3.951	2.282	5	8.773	0	1
5.065	3.2439	0	0	2	0	2	40.6	3	1	4	0.036	3.587	1.938	10.289	3	0.984	1.126	0	0	0	1.276	1	0	0	0	2.337	-0.001	0	11.766	2.563	0	1	4	0	3.728	2.233	1	8.541	0	0
4.85	2.209	3	0	6	0	5	46.4	0	1	6	-0.374	4.117	0.697	10.609	2	1.033	1.111	0	0	0	1.318	2	0	1	0	2.299	0	0	11.732	4.266	0	5	4	2	4.051	2.544	2	9.469	0	3
4.593	2.9033	0	0	3	0	1	38.9	0	1	3	-0.536	3.232	1.461	9.665	1	1.01	1.136	0	0	0	1.231	1	0	0	0	2.175	0.015	0	10.28	2.298	0	1	2	3	3.601	2.683	2	8.2	0	0
3.932	3.2848	0	0	0	0	0	40	1	0	0	0	3.303	2.585	9.11	0	0.965	1.125	0	0	0	1.304	0	0	0	0	1.942	-0.007	0	0	4.891	0	0	0	0	3.244	1.958	0	7.937	0	0
3	1.9808	2	0	0	0	0	20	1	0	0	0	2.771	0.918	6.594	0	1.083	1.144	0	0	0	1.306	0	0	0	0	1.414	0.87	0	0	1.333	0	0	0	0	3.813	3.241	0	8.225	0	2
3	1.9184	2	0	0	0	0	20	1	0	0	0	3.572	0.918	6.594	0	1.064	1.123	0	0	0	1.439	0	1	0	0	1.414	0.803	0	0	1.333	0	0	0	0	6.87	2.787	0	11.578	0	2
3.618	2.2995	2	0	0	0	0	27.3	2	0	0	0	4.081	1.522	7.853	0	0.999	1.122	0	0	0	1.43	0	1	0	0	1.732	0.319	0	0	2.094	0	0	0	0	6.873	2	0	12.253	0	2
3.732	2.4553	2	0	0	0	0	28.6	2	0	0	0	3.09	1.585	8.16	0	1.005	1.14	0	0	0	1.258	0	0	1	0	1.802	-0.211	0	0	2.488	0	0	0	0	3.578	2.37	0	8.315	0	2
3.932	2.7496	2	0	0	0	0	31.3	2	0	0	0	4.294	2.585	9.11	0	0.974	1.133	0	0	0	1.306	0	1	0	0	1.942	-0.006	1	0	4.891	0	0	0	0	6.867	1.708	0	12.258	0	2
4.562	4.3417	4	0	0	0	0	33.3	0	0	0	-0.198	3.486	0.918	9.184	0	1.177	1.101	0	0	0	1.384	0	0	0	0	2	-0.257	0	0	1.521	0	0	0	0	4.265	3.296	0	9.146	0	4
5.311	3.9327	0	0	0	1	0	29	4	2	0	0	3.168	1.823	10.13	6	0.984	1.147	0	0	0	1.137	0	0	0	0	2.255	0.012	0	0	2.301	0	0	0	2	3.316	2.386	0	7.569	0	0
5.236	3.8422	0	0	0	1	0	25	4	3	0	0	2.906	1.406	9.967	9	1.014	1.156	0	0	0	1.063	0	0	0	0	2.189	-0.08	0	0	1.309	0	0	0	3	3.306	3.219	0	7.385	0	0
5.303	4.1328	0	0	0	1	0	23.8	4	4	0	0	3.037	1.392	10.053	12	1.029	1.159	0	0	0	1.044	0	0	0	0	2.236	0.047	0	0	1.164	0	0	0	4	3.331	3.472	0	7.491	0	0
4.362	3.2686	0	0	0	0	0	23.8	2	2	0	0	2.882	1.906	9.059	0	1.003	1.162	0	0	0	1.1	0	0	0	0	2	-0.079	0	0	2.524	0	0	2	2	3.13	2.75	1	7.228	0	0
4.347	3.0603	0	0	0	0	0	31	1	2	0	-0.082	3.192	2.3	9.338	3	0.986	1.143	0	0	0	1.167	0	0	0	0	2.011	0.013	0	10.622	4.098	0	0	0	0	3.357	2.288	0	7.732	0	0
4.471	3.5147	0	0	0	0	0	32.3	2	1	0	0	3.169	2.231	9.373	2	0.973	1.141	0	0	0	1.193	0	0	0	0	2.074	0.012	0	0	3.015	0	0	0	0	3.178	1.939	0	7.58	0	0
3.902	3.1373	2	0	0	0	0	27.3	2	2	0	0	3.437	2.322	8.881	0	1.022	1.146	0	0	0	1.168	0	0	0	0	1.919	-0.026	0	0	4.086	0	0	0	0	3.553	2.422	0	8.497	0	2
3.98	2.974	2	0	0	0	0	31.3	2	0	0	0	3.955	3.459	9.814	0	0.964	1.134	0	0	0	1.254	0	0	0	0	1.981	0	0	0	8.931	0	0	0	0	4.047	1.576	0	8.864	0	0
4.17	3.2655	0	0	0	0	0	25	0	1	0	0	2.488	0.971	8.597	2	1.007	1.163	0	0	0	1.161	0	0	0	0	1.848	0.397	0	9.431	1.542	0	0	0	0	3.232	3	1	7.151	0	0
5.334	5.7899	0	0	0	1	0	36	4	6	0	-0.95	4.052	2.273	10.952	24	1.009	1.133	0	0	0	1.204	0	0	0	0	2.328	0	0	34.898	3.178	0	0	0	0	3.593	2.74	0	8.991	0	0
4.236	2.9329	0	0	1	0	0	31.4	1	1	1	-0.155	3.64	3.128	9.766	1	0.972	1.144	0	0	0	1.192	0	0	0	0	1.991	0	0	10.523	7.244	0	0	1	2	3.309	1.981	1	8.07	0	0
4.724	1.7824	0	0	0	0	0	34.9	1	3	0	-0.779	4.016	3.711	10.425	6	0.98	1.135	0	0	0	1.212	1	0	0	0	2.31	0	0	22.241	9.474	1	0	0	0	3.637	2.087	0	8.645	0	0
5.332	5.554	0	0	0	1	0	36.6	1	6	0	-1.839	3.932	2.396	10.694	18	1.02	1.132	0	0	0	1.184	0	0	0	0	2.315	0	0	33.525	2.891	0	0	0	0	3.527	2.893	0	8.803	0	0
4.414	3.81	1	0	0	0	0	28.6	2	2	0	-0.741	3.059	1.379	9.222	1	1.037	1.145	0	0	0	1.195	0	0	1	0	2	0.149	0	9.797	2.133	0	0	0	0	3.822	3.087	0	8.259	0	1
5.342	5.7766	4	0	0	1	0	32.3	4	8	0	-1.429	5.191	4.189	11.504	24	0.979	1.135	0	0	0	1.218	0	0	0	0	2.338	0	0	53.149	7.261	0	0	0	0	3.663	1.938	0	9.972	0	0
5.291	4.2076	0	0	0	1	0	32	3	3	0	-0.561	3.262	1.686	10.308	7	1.007	1.141	0	0	0	1.185	0	0	0	0	2.244	0.014	0	21.759	2.733	0	0	0	0	3.567	2.871	0	8.163	0	0
4	3.0897	1	0	0	0	0	20	0	1	0	0	2.615	0.811	8.318	0	1.005	1.138	0	0	0	1.288	0	0	0	0	1.732	-0.557	0	9.556	1	0	0	0	0	4.218	3.056	0	8.637	0	0
5.103	4.6435	0	0	0	1	0	28.6	5	4	0	-0.806	3.329	1.792	10.281	5	1.014	1.149	0	0	0	1.135	0	0	0	0	2.165	-0.008	0	10.731	3.506	0	0	0	0	3.496	2.646	0	8.131	0	0
4.343	4.0038	1	1	1	0	0	23.5	2	0	2	1.101	3.126	1.5	9.309	0	1.002	1.157	0	0	0	1.25	0	0	0	0	2	-0.083	0	0	2.682	0	0	4	3	3.859	2.563	3	8.427	0	0
4.17	3.1822	2	0	0	0	0	20	0	0	0	0.532	2.959	0.971	8.597	0	1.002	1.117	0	0	0	1.408	0	0	0	0	1.848	0.387	0	0	1.542	0	0	0	1	4.016	2.611	1	8.452	0	0
5.262	4.7497	4	0	0	0	0	23.1	3	4	0	0	3.907	2.217	10.2	9	1.051	1.143	0	0	0	1.207	0	0	0	0	2.25	-0.002	0	11.647	2.369	0	0	0	0	4.416	2.831	0	9.522	0	3
5.192	4.4911	1	0	0	0	0	28.6	4	4	0	0	3.904	2.797	10.588	10	0.986	1.143	0	0	0	1.181	0	0	0	0	2.242	0	0	11.913	5.313	0	0	0	1	4.433	2.213	0	9.217	0	0
5.646	4.4339	3	0	0	2	0	26.7	3	1	0	0	3.465	0.811	10.505	0	1.048	1.141	0	0	1	1.264	0	0	1	0	2.303	-0.08	0	0	1.411	0	0	0	1	4.26	3.104	0	8.986	0	3
5.27	5.6107	1	0	0	0	0	27.7	6	3	6	2.593	3.885	2.388	10.649	6	0.993	1.145	0	0	0	1.235	0	0	0	0	2.284	0	0	0	3.036	0	0	6	0	4.075	2.185	3	9.047	0	0
5.331	4.3397	1	0	0	0	0	24.3	4	3	1	0	3.511	1.95	10.236	9	0.989	1.146	0	0	0	1.225	0	0	0	0	2.292	-0.002	0	0	2.105	0	0	1	2	4.023	2.157	1	8.583	0	0
5.303	4.066	2	0	0	1	0	26.3	4	2	0	0	4.229	1.392	10.053	6	1.022	1.136	0	0	0	1.25	0	1	0	0	2.236	0.043	0	0	1.164	0	0	0	2	6.874	2.75	0	12.258	0	2
4.461	3.5378	0	0	0	0	0	25	3	2	0	0	2.988	1.891	9.202	0	0.998	1.159	0	0	0	1.101	0	0	0	0	2.053	0.044	0	0	2.244	0	0	3	2	3.155	2.611	1	7.315	0	0
5.098	3.6085	0	0	0	1	0	27.3	4	2	0	0	2.876	1.5	9.872	0	0.993	1.151	0	0	0	1.122	0	0	0	0	2.112	-0.077	0	0	2.472	0	0	0	1	3.304	2.469	0	7.433	0	0
5.384	4.1685	0	0	0	1	0	28.6	5	2	0	0	3.094	1.371	10.315	8	0.986	1.148	0	0	0	1.138	0	0	0	0	2.288	-0.023	0	0	1.985	0	0	0	2	3.426	2.542	0	7.704	0	0
5.351	4.2358	1	0	0	0	0	31.2	4	2	0	0.15	4.697	3.066	10.673	5	0.969	1.136	0	0	0	1.294	0	0	0	0	2.328	0	0	12.585	6.801	0	0	0	0	10.323	1.818	0	14.009	0	0
5.311	4.467	1	0	2	0	0	24.4	0	3	11	0.953	3.766	2.1	10.646	9	0.993	1.152	0	0	0	1.239	0	0	0	0	2.267	0	0	0	4.692	0	0	1	0	4.029	2.131	3	8.883	0	0
5.365	2.9284	0	0	0	1	1	40.7	3	0	0	0	3.245	1.455	10.315	0	0.966	1.123	0	0	0	1.279	1	0	0	0	2.315	-0.007	0	0	1.897	0	0	0	0	3.641	1.856	0	8.128	0	0
4.923	3.303	1	0	0	0	2	46.7	0	2	0	-0.995	3.413	1.185	9.911	4	1.042	1.107	0	0	0	1.268	1	0	1	0	2.267	0.015	0	10.337	1.563	0	1	0	1	3.933	3.011	0	8.671	0	1
4.745	1.8876	0	0	4	0	3	40	2	0	7	0	3.937	1.936	10.509	0	0.974	1.128	0	0	0	1.269	2	0	0	1	2.283	0	0	0	5.249	0	3	8	2	3.689	1.856	2	8.783	0	0
4.835	2.8214	0	0	2	0	2	40.7	2	2	4	-0.386	3.547	1.876	10.186	3	1.002	1.126	0	0	0	1.261	1	0	0	0	2.263	0.001	0	21.912	3.249	0	1	3	1	3.681	2.619	1	8.55	0	0
4.843	3.0136	2	0	1	0	3	40.9	1	1	3	-0.043	3.715	1.662	10.166	2	1.022	1.121	0	0	0	1.285	1	0	1	0	2.283	-0.002	0	10.99	2.652	0	3	3	1	4.05	2.607	1	9.03	0	2
4.883	2.8874	0	0	2	0	3	40	3	2	4	-0.383	3.607	1.831	10.332	3	0.998	1.127	0	0	0	1.264	1	0	0	0	2.297	-0.001	0	22.051	3.288	0	1	3	1	3.726	2.556	1	8.63	0	0
4.522	2.3963	0	0	3	0	1	36	1	0	2	0	3.253	1.887	9.535	0	0.98	1.14	0	0	0	1.231	1	0	0	0	2.157	-0.007	0	0	3.141	0	0	3	3	3.555	2.061	2	8.005	0	0
5.006	3.7647	0	0	3	0	3	33.3	0	4	6	0	3.583	1.23	10.309	8	1.083	1.153	0	2	0	1.194	1	0	0	0	2.338	-0.003	0	41.057	1.873	0	3	6	2	3.938	3.615	3	8.92	0	0
5.386	4.1216	0	0	9	1	4	33.3	3	4	8	0	4.091	1.708	11.059	8	1.057	1.171	0	2	1	1.142	1	0	0	0	2.479	0	0	44.711	2.168	0	3	8	0	4.004	3.475	3	9.257	0	3
4.732	3.3706	0	0	1	0	1	42.9	0	2	2	0	3.193	1.187	9.642	4	1.037	1.125	0	1	0	1.241	1	0	0	0	2.194	-0.027	0	20.013	1.659	0	1	2	0	3.813	3.074	1	8.405	0	0
5.029	3.701	2	0	1	0	3	42.9	0	2	2	0	3.647	1.16	10.122	4	1.084	1.117	0	1	0	1.297	1	0	1	0	2.318	-0.008	0	20.473	1.572	0	3	2	0	4.106	3.202	1	9.12	0	2
4.965	3.6476	2	0	1	0	3	42.9	0	2	2	0	3.647	1.16	10.099	4	1.084	1.117	0	1	0	1.295	1	0	1	0	2.305	-0.008	0	20.473	1.553	0	3	2	0	4.054	3.202	1	9.118	0	2
4.562	3.17	0	0	1	0	2	40	0	1	2	0	3.011	0.875	9.54	2	1.005	1.13	0	0	0	1.226	1	0	0	0	2.17	0.046	0	0	1.14	0	2	2	3	3.639	2.667	1	7.986	0	0
4.77	3.3837	0	0	1	0	2	40	0	3	2	0	3.299	1.185	9.882	6	1.057	1.13	0	1	0	1.212	1	0	0	0	2.236	0.015	0	20.072	1.74	0	2	2	1	3.834	3.333	1	8.516	0	0
5.163	4.1935	0	0	3	0	4	31.6	0	7	6	0	3.817	1.225	10.607	14	1.137	1.156	0	3	0	1.167	1	0	0	0	2.411	0	0	62.168	1.526	0	4	6	1	4.018	4.042	3	9.217	0	0
4.807	3.3877	2	0	0	0	3	46.2	0	1	0	0	3.462	0.881	9.833	2	1.048	1.103	0	0	0	1.321	1	0	1	0	2.246	-0.026	0	0	1.06	0	3	0	1	3.999	2.802	0	8.87	0	2
5.119	3.7467	4	0	0	0	5	46.2	0	1	0	0	3.825	0.832	10.265	2	1.098	1.095	0	0	0	1.344	1	0	1	0	2.365	-0.008	0	0	0.952	0	5	0	1	4.216	2.98	0	9.376	0	4
5.26	2.4916	5	0	0	0	6	37.5	1	2	0	-0.416	4.387	2.929	10.814	5	1.013	1.124	0	0	0	1.281	1	0	1	0	2.438	0	0	11.973	6.971	0	6	0	0	4.295	2.389	0	9.725	0	5
4.783	3.2512	1	0	0	0	2	50	0	1	0	0	3.319	1.187	9.668	2	1.022	1.1	0	0	0	1.321	1	0	1	0	2.222	-0.026	0	10.143	1.358	0	1	0	0	3.911	2.716	0	8.565	0	1
4.543	2.7404	0	0	0	0	1	47.6	1	1	0	0.078	3.315	1.705	9.722	1	0.988	1.109	0	0	0	1.296	1	0	0	0	2.166	-0.008	0	10.53	2.905	0	0	0	0	3.611	2.394	0	8.295	0	0
5.072	2.2317	0	0	0	0	2	35.4	2	4	0	-0.862	4.429	3.61	10.833	12	0.978	1.134	0	0	0	1.212	1	0	0	0	2.351	0	0	25.194	10.844	0	0	0	0	3.794	1.991	0	9.08	2	0
5.107	2.9658	0	0	0	1	1	39.3	3	3	0	-0.472	3.533	1.876	10.447	8	1.006	1.126	0	0	0	1.217	1	0	0	0	2.248	0.001	0	11.344	3.439	0	0	0	0	3.678	2.47	0	8.491	0	0
4.882	3.4294	0	0	2	0	2	41.2	0	4	2	-1.168	3.483	1.258	10.136	8	1.069	1.127	0	1	0	1.199	1	0	0	0	2.288	0.005	0	30.73	2.011	0	1	2	1	3.857	3.5	1	8.704	0	0
4.828	3.3085	0	0	6	0	2	57.1	0	0	4	0	3.292	1.261	9.749	0	1.006	1.101	0	0	0	1.35	1	0	0	0	2.247	0.015	0	0	1.436	0	0	2	0	3.761	2.833	2	8.437	0	0
4.914	2.2884	0	0	4	0	3	40.5	2	3	6	-0.173	3.986	1.426	10.632	3	1.003	1.128	0	0	0	1.232	2	0	0	0	2.328	0	0	12.142	4.181	0	2	7	3	3.733	2.462	2	8.913	0	0
4	2	0	0	0	0	0	33.3	0	0	0	0	3.22	0	9.314	0	0.961	1.138	0	0	0	1.205	1	0	0	0	2	0.003	0	0	1.244	0	0	0	0	3.009	1.5	0	7.439	0	0
4.732	2.8489	3	0	0	0	1	42.9	0	0	0	0	3.549	1.187	9.642	0	1.011	1.091	0	0	0	1.421	1	0	1	0	2.194	-0.024	0	0	1.659	0	1	0	0	4.523	2.329	0	9.314	0	2
4.733	1.7208	1	0	0	0	2	37.9	1	3	0	0	4.248	2.513	10.593	11	0.981	1.125	0	0	0	1.261	2	0	0	0	2.259	0	0	0	7.746	0	2	0	0	3.999	1.893	0	9.225	0	0
5.272	3.2017	2	0	2	0	2	36	0	3	2	0	3.817	1.754	10.523	8	1.022	1.114	0	0	0	1.321	1	0	0	0	2.307	-0.001	0	0	2.952	0	1	1	0	4.702	2.587	1	9.602	0	0
4.872	3.1623	0	0	3	0	3	36	1	2	4	-0.121	3.472	1.508	10.166	3	1.011	1.14	0	0	0	1.215	1	0	0	0	2.296	-0.002	0	10.696	2.373	0	3	5	3	3.736	2.59	2	8.47	0	0
4.782	3.0562	0	0	1	0	2	40	0	2	2	-0.896	3.324	1.273	9.947	4	1.015	1.129	0	0	0	1.215	1	0	0	0	2.251	-0.008	0	10.38	1.951	0	1	2	2	3.708	2.773	1	8.322	0	0
4.892	3.2952	0	0	2	0	2	36.7	2	3	1	-0.505	3.598	1.805	10.235	7	1.009	1.134	0	0	0	1.205	1	0	0	0	2.295	-0.001	0	11.03	2.809	0	2	0	1	3.712	2.456	1	8.522	0	0
5.451	2.5976	4	0	0	0	4	42.4	1	2	0	0	4.191	1.113	10.865	8	1.013	1.099	0	0	0	1.36	2	0	1	0	2.409	0	0	0	3.05	0	4	0	0	4.72	2.293	0	9.912	0	2
5.106	2.5769	0	0	0	0	4	47.1	2	0	0	0	3.656	1	10.411	0	0.969	1.11	0	0	0	1.311	2	0	0	0	2.384	0	0	0	2.266	0	0	0	0	3.798	1.854	0	8.644	0	0
4.928	1.7361	0	0	0	0	2	45	0	0	0	0	3.753	0	10.506	0	0.968	1.114	0	0	0	1.29	3	0	0	0	2.348	0	0	0	3.091	2	0	0	0	3.685	1.722	0	8.6	0	0
5.459	3.1356	1	0	2	0	4	41.7	0	3	2	0	3.784	1.029	10.764	6	1.029	1.113	0	0	0	1.28	3	0	0	0	2.462	0	0	22.286	1.583	0	2	2	3	4.748	2.906	1	9.674	0	0
5.35	2.9948	1	0	2	0	5	40	0	4	2	0	3.843	1.024	10.837	9	1.041	1.117	0	0	0	1.254	3	0	0	0	2.442	0	0	21.854	1.865	0	3	2	4	4.738	3.078	1	9.706	0	0
5.35	2.9783	1	0	2	0	5	40	0	4	2	0	3.843	1.024	10.837	9	1.041	1.117	0	0	0	1.251	3	0	0	0	2.443	0	0	21.831	1.871	0	3	2	4	4.738	3.078	1	9.706	0	0
5.161	2.5397	0	0	0	0	6	46.4	0	5	0	-0.525	3.844	0.745	10.717	13	1.038	1.112	0	0	0	1.222	2	0	0	0	2.404	0	0	12.008	2.924	0	4	0	4	3.881	3.037	0	8.952	0	0
4.802	1.7802	2	0	5	0	2	39.4	0	0	4	0	3.892	0	10.46	0	0.986	1.113	0	0	0	1.339	4	0	0	0	2.384	0	0	0	3.735	0	0	5	1	4.341	1.824	2	9.301	0	0
4.562	2.931	0	1	0	0	0	33.3	0	2	2	-0.603	3.052	0.875	9.54	2	1.062	1.153	1	0	0	1.166	1	0	0	0	2.17	0.05	0	20.392	1.14	0	0	4	2	3.587	3.292	2	8.026	0	0
4.807	2.7734	2	0	0	0	0	26.3	0	0	4	1.008	3.352	0.881	9.833	0	0.994	1.131	0	0	0	1.334	1	0	0	0	2.246	-0.023	0	0	1.06	0	0	0	0	4.094	2.019	2	8.76	0	0
5.306	2.2373	0	0	11	0	4	36.2	3	6	11	-1.722	4.217	1.577	11.222	9	1.031	1.14	0	0	0	1.191	6	0	0	0	2.527	0	0	23.86	3.172	0	2	10	5	3.942	2.846	4	9.248	0	0
4.843	2.7944	0	0	1	0	2	34.4	0	5	1	-0.929	3.729	2.297	10.299	7	1.029	1.139	0	0	0	1.153	1	0	0	0	2.268	0	0	10.307	4.371	0	2	0	3	3.681	2.755	1	8.613	0	0
3.618	2.3247	2	0	0	0	0	27.3	2	0	0	0	3.679	1.522	7.853	0	1.008	1.131	0	0	0	1.338	0	1	1	0	1.732	0.336	0	0	2.094	0	0	0	0	6.866	2.272	0	11.578	0	2
3	1.7389	1	0	0	0	0	25	2	0	0	0	3.426	0.918	6.594	0	0.985	1.136	0	0	0	1.383	0	1	0	0	1.414	0.691	0	0	1.333	0	0	0	0	6.867	2.083	0	11.561	0	1
5.051	3.532	0	0	2	0	0	30	2	6	2	-0.794	4.214	3.546	10.717	9	0.991	1.146	0	0	0	1.141	0	0	0	0	2.291	0	0	11.784	10.986	0	0	2	6	3.519	2.435	1	8.71	0	0
4.876	2.8477	0	0	2	0	0	30	2	2	3	-0.608	3.21	1.193	10.053	4	1.02	1.154	0	0	0	1.174	1	0	0	0	2.336	0.014	0	21.357	1.586	0	0	3	2	3.631	2.9	2	8.126	0	0
4.953	3.4085	0	0	2	0	2	40	1	2	3	0	3.351	1.273	9.975	4	1.015	1.129	0	1	0	1.241	1	0	0	0	2.288	-0.008	0	20.772	1.602	0	1	2	0	3.853	2.803	1	8.521	0	0
6.496	4.6405	0	0	0	8	0	33.3	2	0	0	0	4.224	0.88	12.028	0	1.303	1.365	0	0	2	0.898	1	0	0	0	2.798	0	0	0	1.166	2	0	0	0	4.055	5.75	0	9.257	0	16
5.998	1.8789	6	0	0	3	0	44.4	0	1	0	0.642	4.308	0.749	11.637	3	1.054	1.103	0	0	0	1.332	15	0	1	0	2.859	0	0	0	1.117	6	0	0	0	4.405	2.355	0	9.843	0	6
5.437	2.538	5	0	0	1	4	50	1	0	0	0	4.239	0.954	10.89	0	1.029	1.094	0	0	1	1.375	2	0	1	0	2.424	0	0	0	2.444	0	2	0	0	4.252	2.411	0	9.708	0	5
5.462	2.4473	0	2	11	2	6	40.8	6	1	12	0	4.083	1.008	11.343	3	0.987	1.128	0	0	0	1.289	4	0	0	1	2.506	0	0	0	2.666	0	2	10	1	4.02	2.104	3	9.254	0	0
5.462	2.4518	1	2	11	2	7	40.8	6	1	12	0	4.195	1.003	11.392	3	0.993	1.127	0	0	0	1.298	4	0	1	1	2.51	0	0	0	2.826	0	3	10	1	4.068	2.171	3	9.454	0	1
5.994	2.4353	7	0	0	3	0	45.5	0	0	0	0.425	4.296	0.768	11.48	0	1.071	1.095	0	0	0	1.384	6	0	1	0	2.799	0	0	0	0.955	4	0	0	0	4.407	2.58	0	9.865	0	7
5.262	5.0351	3	0	0	1	0	14.3	0	2	0	0	3.47	0.863	10.026	0	1.23	1.166	0	0	0	1.252	0	0	0	0	2.175	0.166	0	18.861	1.435	0	0	0	0	4.309	4.226	1	9.115	0	3
4.263	3.3475	0	0	2	0	0	25.8	0	1	0	0	3.166	2.187	9.533	0	0.983	1.159	0	0	0	1.163	0	0	0	0	2	0.013	0	0	4.143	0	0	2	0	3.15	1.955	2	7.645	0	0
4.303	3.4665	0	0	0	0	0	21.4	0	1	2	-0.157	2.66	1.459	8.815	2	1.013	1.175	0	0	0	1.081	0	0	0	0	1.932	-0.251	0	9.958	1.745	0	0	0	2	3.346	2.944	2	7.353	0	0
4.895	3.5219	1	0	2	0	3	37.5	0	2	4	0	3.52	1.16	10.099	4	1.059	1.137	0	1	0	1.252	1	0	1	0	2.292	-0.008	0	20.341	1.696	0	3	4	2	3.977	3.192	2	8.892	0	1
4.922	3.5441	0	0	5	0	3	41.2	0	2	7	0	3.486	1.258	10.152	4	1.05	1.137	0	1	0	1.254	1	0	0	0	2.309	0.005	0	20.471	1.768	0	2	5	2	3.88	3.292	3	8.746	0	0
5.299	1.7433	0	0	6	0	0	33.3	0	6	12	-1.781	3.969	0.61	10.903	12	1.044	1.146	0	0	0	1.126	4	0	0	0	2.505	0	0	37.083	1.91	0	0	3	0	3.801	2.643	3	9.054	0	0
5.016	2.3633	0	0	0	0	0	40.9	1	3	0	0.508	3.413	0.799	10.366	8	1.018	1.123	0	0	0	1.215	3	0	0	0	2.441	-0.002	0	22.148	1.197	2	0	0	0	3.707	2.681	0	8.396	0	0
5.218	4.3575	1	0	0	0	0	29.1	4	3	0	0	3.851	2.646	10.565	7	0.979	1.142	0	0	0	1.2	0	0	0	0	2.264	0	0	12.174	4.797	0	0	0	1	4.412	2.149	0	9.174	0	0
4.377	2.8894	1	0	0	0	0	28.6	2	1	0	0	4.312	2.246	9.253	2	0.968	1.129	0	0	0	1.45	0	0	0	0	2.029	-0.02	0	11.241	3.316	0	0	0	0	10.355	2.055	0	14.025	0	0
4.732	3.1657	0	0	0	0	3	42.9	3	0	0	0	3.075	0.881	9.803	0	0.967	1.119	0	0	0	1.331	1	0	0	0	2.236	-0.023	0	0	0.95	0	0	0	0	3.69	1.889	0	8.082	0	0
4.517	2.6567	1	0	0	0	1	44.4	1	0	0	0	3.265	1.409	9.391	0	0.986	1.112	0	0	0	1.311	1	0	1	0	2.149	-0.024	0	0	2.036	0	0	0	0	3.622	2.086	0	8.37	0	1
4.732	3.2158	1	0	0	0	2	46.7	1	0	0	0	3.192	0.875	9.579	0	0.991	1.107	0	0	0	1.349	1	0	1	0	2.194	0.043	0	0	0.854	0	1	0	0	3.899	2.181	0	8.457	0	1
4.818	2.9372	0	0	1	0	1	38.5	2	0	2	0	3.249	1.523	9.801	0	0.973	1.131	0	0	0	1.251	1	0	0	0	2.236	-0.007	0	0	2.002	0	1	4	0	3.603	1.879	1	8.063	0	0
4.97	3.5327	3	0	1	0	4	42.9	0	0	2	0	3.653	0.861	10.06	0	1.052	1.113	0	0	0	1.348	1	0	1	0	2.307	0.014	0	0	0.962	0	4	2	2	4.103	2.7	1	9.148	0	3
5	2.595	0	1	6	0	2	48	0	1	8	0	3.647	0.781	10.242	2	1.003	1.115	0	0	0	1.29	2	0	0	0	2.327	0	0	10.782	2.451	0	2	6	0	3.728	2.356	2	8.668	0	0
4.993	2.2683	0	0	0	0	3	35.8	2	1	0	0	3.995	2.885	10.458	3	0.968	1.133	0	0	0	1.235	1	0	0	0	2.325	0	0	0	6.393	0	1	0	1	3.725	1.8	0	8.621	0	0
5.006	3.7881	0	0	2	0	3	35.3	0	5	4	0	3.591	1.23	10.309	10	1.101	1.145	0	2	0	1.185	1	0	0	0	2.338	-0.003	0	40.816	1.873	0	3	4	1	3.941	3.769	2	8.927	0	0
4.807	3.3157	1	0	0	0	3	43.8	1	1	0	0	3.297	0.881	9.833	3	1.012	1.113	0	0	0	1.295	1	0	1	0	2.246	-0.025	0	0	1.06	0	2	0	1	3.903	2.568	0	8.562	0	1
4.935	3.5332	3	0	0	0	4	46.2	0	1	0	0	3.66	0.861	10.06	2	1.073	1.099	0	0	0	1.333	1	0	1	0	2.303	0.015	0	0	1.047	0	4	0	1	4.119	2.9	0	9.154	0	3
4.935	3.5136	3	0	0	0	4	46.2	0	1	0	0	4.069	0.861	10.06	2	1.066	1.091	0	0	0	1.379	1	1	1	0	2.303	0.014	1	0	1.047	0	4	0	1	6.88	2.764	0	11.635	0	3
4.96	2.2721	2	0	0	0	2	41.7	1	2	0	0	4.413	0.945	10.234	4	1.017	1.108	0	0	0	1.308	2	1	0	0	2.327	-0.001	1	0	2.814	0	1	0	0	7.065	2.107	0	12.279	0	2
4.804	1.7705	0	0	6	0	2	50	0	4	6	-0.224	4.203	0.465	10.828	12	1.02	1.108	0	0	0	1.269	3	0	0	0	2.283	0	0	23.61	6.12	0	0	6	0	3.741	2.5	2	9.265	0	0
5.427	2.3997	0	0	0	2	2	42.9	4	2	0	0	3.875	0.68	11.012	10	0.985	1.119	0	0	0	1.261	2	0	0	0	2.381	0	0	0	4.151	0	0	0	0	3.702	2.042	0	8.847	0	0
4.499	2.3714	0	0	0	0	0	40	0	0	0	0	2.924	1.125	9.311	0	0.965	1.125	0	0	0	1.266	1	0	0	0	2.136	0.039	0	0	1.481	1	0	0	0	3.304	1.854	0	7.542	0	0
5.338	2.2854	1	0	0	0	9	42.9	6	4	0	0	4.322	0.662	11.258	15	0.994	1.114	0	0	0	1.311	3	0	0	0	2.407	0	0	13.723	2.977	0	3	0	0	4.443	2.183	0	9.741	0	0
5.077	2.4109	0	0	0	0	4	47.1	3	0	0	0	3.66	0.703	10.481	0	0.969	1.11	0	0	0	1.324	2	0	0	0	2.366	0	0	0	2.693	0	0	0	0	3.76	1.875	0	8.68	0	0
5.026	2.9255	0	0	0	0	3	50	0	1	0	0	3.425	0.896	10.138	3	0.988	1.104	0	0	0	1.315	3	0	0	0	2.365	-0.002	0	0	1.339	0	1	0	0	3.88	2.042	0	8.525	0	0
5.382	2.2507	0	0	0	1	5	50	3	2	0	-0.114	3.928	0.932	11.101	8	0.992	1.104	0	0	0	1.303	6	0	0	0	2.522	0	0	25.043	2.006	0	0	0	0	3.962	2.346	0	9.069	0	0
4.91	2.843	1	0	0	0	3	52.6	0	0	0	0	3.468	0.629	10.06	0	0.98	1.083	0	0	0	1.409	3	0	0	0	2.333	0.004	0	0	1.207	0	1	0	0	3.921	2.02	0	8.704	0	0
4.953	2.6126	3	0	0	0	6	50	0	2	0	0	4.037	0.732	10.578	6	1.043	1.097	0	0	0	1.322	2	0	1	0	2.346	0	0	0	3.061	0	6	0	1	4.022	2.578	0	9.422	0	3
4.523	3.7332	2	0	0	0	0	28.6	4	1	0	0	3.362	1.837	9.454	0	1.008	1.143	0	0	0	1.208	0	0	1	0	2.074	0.043	0	0	2.57	0	0	0	0	3.618	2.377	0	8.51	0	2
4.77	3.3541	0	0	2	0	2	37.5	0	2	4	0	3.288	1.185	9.882	4	1.039	1.14	0	1	0	1.224	1	0	0	0	2.236	0.015	0	20.154	1.74	0	2	4	2	3.832	3.133	2	8.506	0	0
4.971	3.0393	0	0	2	0	2	38.7	3	1	2	0.124	3.509	1.733	10.236	4	0.984	1.13	0	0	0	1.251	1	0	0	0	2.305	0.001	0	11.885	2.585	0	0	3	0	3.725	2.214	1	8.44	0	0
5.379	2.2903	0	0	0	0	6	60.7	0	1	0	0.134	3.865	0.463	10.86	4	0.991	1.082	0	0	0	1.355	12	0	0	0	2.551	0	0	12.494	1.154	0	0	0	0	4.038	2.148	0	9.074	0	0
4.382	2.2073	0	0	2	0	0	32.4	0	1	2	0.254	3.426	0.544	9.692	2	0.977	1.143	0	0	0	1.195	1	0	0	0	2.066	0.001	0	11.274	1.489	0	0	2	1	3.34	1.976	1	7.923	0	0
4.17	2.7612	2	0	0	0	0	27.3	2	0	0	0	3.002	0.971	8.597	0	1.017	1.141	0	0	0	1.28	0	0	1	0	1.848	0.354	0	0	1.542	0	0	0	0	3.755	2.611	0	8.35	0	2
6.272	7.1546	0	0	0	8	0	30.3	2	1	0	0	4.347	1.77	12.012	1	1.235	1.32	0	0	1	0.911	0	0	0	0	2.66	0	0	0	3.939	0	0	0	1	3.957	5.536	0	9.319	0	17
4.481	3.6846	0	0	0	0	0	24	3	3	0	0	3.109	1.895	9.292	0	1.011	1.161	0	0	0	1.083	0	0	0	0	2.074	-0.026	0	0	2.02	0	0	3	3	3.171	2.9	1	7.444	0	0
4.214	3.4743	0	0	1	0	0	23.1	1	2	1	-0.711	2.68	1.459	8.755	1	1.031	1.166	0	0	0	1.083	0	0	0	0	1.902	-0.262	0	9.599	2.052	0	0	0	2	3.36	3.278	1	7.41	0	0
5.248	4.2601	3	0	0	0	0	20.8	0	3	0	-0.08	3.68	1.888	10.249	5	1.021	1.133	0	0	0	1.287	0	0	0	0	2.229	-0.008	0	10.819	3.06	0	0	1	1	4.819	2.664	1	9.618	0	0
4.753	1.6977	0	0	2	0	4	38.9	2	0	4	0	4.176	2.296	10.68	0	0.967	1.128	0	0	0	1.262	2	0	0	1	2.295	0	0	0	7.067	0	2	4	1	3.702	1.73	1	8.928	0	0
5.333	2.0991	1	0	0	0	6	41.5	6	4	0	0	4.4	0.956	11.313	15	0.989	1.117	0	0	0	1.284	3	0	0	0	2.394	0	0	13.711	3.349	0	3	0	0	4.441	2.135	0	9.741	0	0
5.31	3.4316	1	0	2	0	1	35.3	0	2	2	0	3.415	1.185	10.25	4	1.028	1.123	0	0	0	1.261	1	0	0	0	2.288	0.014	0	21.221	1.726	0	1	1	2	4.725	3.058	1	9.463	0	0
5.187	2.1504	0	0	0	0	0	43.5	1	3	0	0.666	3.507	0.773	10.68	8	1.017	1.118	0	0	0	1.256	6	0	0	0	2.597	-0.001	0	22.622	1.14	4	0	0	0	3.799	2.564	0	8.551	0	0
4.303	2.6572	1	0	0	0	0	25	0	0	0	0.787	2.909	0.862	9.067	0	1.004	1.146	0	0	0	1.3	1	0	0	0	2.115	0.131	0	0	0.956	0	0	2	2	3.86	2.222	2	8.216	0	0
4.842	3.2355	0	0	0	0	0	41.2	0	4	2	-2.3	3.459	1.258	10.136	6	1.069	1.127	0	0	0	1.18	1	0	0	0	2.278	0.005	0	20.567	2.113	0	0	3	2	3.771	3.472	1	8.551	0	0
4	2.2975	0	0	0	0	0	26.7	0	1	0	0	2.626	0	8.623	0	0.998	1.158	0	0	0	1.095	1	0	0	0	2	0.128	0	0	0.667	0	0	2	1	3.093	2	1	6.951	0	0
5.286	3.4146	0	0	6	0	0	27.3	3	6	9	-2.66	3.792	1.622	10.617	12	1.048	1.159	0	0	0	1.111	1	0	0	0	2.458	0	0	35.324	1.615	0	0	3	3	3.783	3.278	3	8.66	0	0
5.406	2.1252	1	0	7	0	5	43.9	0	4	10	0	4.279	0.777	11.11	10	1.024	1.116	0	1	0	1.28	3	0	0	1	2.428	0	0	47.783	3.924	0	5	9	2	4.711	2.702	3	9.916	0	0
4.868	3.0252	0	0	1	0	0	34.8	3	1	6	1.466	3.292	1.16	10.076	2	0.998	1.143	0	0	0	1.235	1	0	0	0	2.288	-0.008	0	10.884	1.634	0	0	5	1	3.697	2.439	2	8.261	0	0
4.629	3.9373	0	0	0	0	0	31.3	0	1	1	-0.056	2.83	1.379	9.312	3	0.998	1.148	0	0	0	1.211	0	0	0	0	2.053	0.143	0	10.319	1.776	0	0	1	0	3.475	2.81	1	7.673	0	0
3.879	2.9588	0	0	0	0	0	33.3	0	0	4	0	3.091	2.281	8.743	0	0.998	1.152	0	0	0	1.251	0	0	0	0	1.902	0.047	0	0	3.685	0	0	4	1	3.271	2.833	3	7.905	0	0
4.709	4.1448	4	0	2	0	0	25	0	0	0	1.674	3.751	1.792	10.014	0	0.997	1.115	0	0	0	1.399	0	0	0	0	2.152	-0.007	0	0	3.444	0	0	0	0	4.33	2.194	2	9.389	0	0
5.328	5.8726	7	0	0	0	0	25.7	6	4	0	0	4.34	2.088	10.678	9	1.056	1.137	0	0	0	1.225	0	0	1	0	2.34	0	0	12.579	2.507	0	0	0	0	4.429	2.799	0	9.905	0	6
4.691	4.7731	0	0	4	0	0	26.9	4	4	4	0	3.786	2.122	10.467	0	0.996	1.155	0	0	0	1.142	0	0	0	0	2.211	0	0	0	3.997	0	0	6	4	3.321	2.517	2	8.334	0	0
4.499	2.9639	0	0	1	0	1	41.2	0	0	2	0	2.976	1.125	9.311	0	0.979	1.127	0	0	0	1.266	1	0	0	0	2.136	0.043	0	0	1.481	0	1	2	1	3.561	2.021	1	7.846	0	0
4.9	3.0875	0	0	1	0	1	40.9	1	1	2	0.052	3.304	1.455	9.955	2	0.993	1.127	0	0	0	1.258	1	0	0	0	2.251	-0.008	0	10.87	2.15	0	1	3	0	3.655	2.394	1	8.286	0	0
5.563	4.6158	0	0	9	1	6	33.3	5	6	12	0	4.018	1.153	11.151	12	1.044	1.146	0	3	0	1.214	1	0	0	0	2.546	0	0	67.469	1.406	0	3	6	0	4.092	3.298	3	9.375	0	0
5.371	3.236	0	0	0	1	3	39.3	4	1	0	0	3.351	1.124	10.524	3	0.978	1.126	0	0	0	1.273	1	0	0	0	2.364	0.004	0	0	1.718	0	1	0	1	3.765	2.188	0	8.354	0	0
4.813	3.4399	0	0	1	0	2	38.9	0	3	2	0	3.37	1.273	9.947	6	1.041	1.132	0	1	0	1.209	1	0	0	0	2.259	-0.008	0	20.438	1.86	0	2	2	0	3.839	2.985	1	8.549	0	0
4.562	3.1971	1	0	0	0	2	46.2	0	1	0	0	3.214	0.875	9.54	2	1.023	1.108	0	0	0	1.291	1	0	1	0	2.17	0.046	0	0	1.14	0	2	0	1	3.872	2.681	0	8.473	0	1
5.42	3.2399	0	0	0	4	2	34.5	10	4	0	0	4.009	1.912	11.411	16	0.988	1.136	0	0	0	1.206	1	0	0	0	2.409	0	0	0	4.536	0	0	0	0	3.753	2.097	0	8.931	0	0
5.256	2.6157	0	0	0	1	0	34.6	3	1	0	0.448	3.133	0.861	10.335	2	0.977	1.136	0	0	0	1.252	1	0	0	0	2.327	0.012	0	11.089	1.037	1	0	0	0	3.497	2.175	0	7.914	0	0
4.928	1.9515	0	0	0	0	4	56.3	0	0	0	0	3.82	0	10.506	0	0.975	1.091	0	0	0	1.345	3	0	0	0	2.348	0	0	0	3.091	0	0	0	0	3.788	1.926	0	8.882	0	0
5.003	2.9132	0	0	0	0	3	52.4	1	0	0	0	3.338	0.629	10.084	0	0.972	1.099	0	0	0	1.349	3	0	0	0	2.351	0.004	0	0	1.075	0	0	0	0	3.873	1.909	0	8.471	0	0
5.174	2.5182	0	0	1	0	5	42.9	2	4	2	-1.681	4.049	1.282	10.904	11	1.009	1.121	0	0	0	1.236	2	0	0	0	2.42	0	0	23.818	3.572	0	2	4	2	3.874	2.638	1	9.097	0	0
5.509	3.254	2	0	2	0	5	35.7	0	6	2	0	4.086	1.096	11.165	12	1.063	1.116	0	0	0	1.251	3	0	0	0	2.511	0	0	44.995	1.996	0	3	2	4	4.77	3.377	1	10.203	0	0
5.735	1.9915	0	0	0	2	0	35.3	2	2	0	0	3.48	1.074	11.021	4	0.985	1.134	0	0	0	1.18	6	0	0	0	2.641	0	0	0	1.239	2	0	0	2	3.656	2.083	0	8.176	0	0
5.047	2.5237	0	0	0	0	4	58.3	0	0	0	0	3.606	0	10.4	0	0.976	1.087	0	0	0	1.38	6	0	0	0	2.414	0	0	0	1.443	0	0	0	0	3.966	1.905	0	8.812	0	0
5.318	2.361	0	0	2	0	5	53.8	0	2	2	-0.252	3.801	0.682	10.772	8	1.011	1.099	0	0	0	1.296	6	0	0	0	2.508	0	0	24.37	1.393	0	1	2	2	3.955	2.569	1	8.963	0	0
5.408	2.3533	0	0	6	0	6	43.5	4	2	6	-0.202	4.087	1.289	11.084	8	0.993	1.121	0	0	0	1.276	6	0	0	0	2.553	0	0	26.148	1.71	0	2	8	2	3.991	2.292	2	9.158	0	0
5.69	2.3056	0	0	8	1	2	48.4	0	2	6	-0.826	3.889	0.565	10.94	5	1.009	1.113	0	0	0	1.277	3	0	0	0	2.55	0	0	23.886	1.935	1	0	4	2	3.857	2.469	2	8.961	0	0
4.562	3.2789	4	0	0	0	0	25	2	0	0	0	4.705	0.918	9.184	0	1.071	1.077	0	0	0	1.641	0	1	0	0	2	-0.207	0	0	1.521	0	0	0	0	7.129	2.278	0	12.952	0	4
4.303	3.16	2	0	0	0	0	33.3	1	0	0	0	3.13	1.459	8.815	0	1.015	1.129	0	0	0	1.308	0	0	1	0	1.932	-0.227	0	0	1.745	0	0	0	0	3.772	2.676	0	8.437	0	2
6.242	9.1775	0	0	3	12	0	30	3	0	3	0	4.727	1.637	12.421	0	1.311	1.377	0	0	3	0.883	0	0	0	0	2.694	0	0	0	2.922	0	0	3	0	3.991	5.825	1	9.745	0	27
3.802	2.8705	2	0	0	0	0	26.7	2	1	0	0	3.2	1.95	8.394	0	1.026	1.145	0	0	0	1.197	0	0	0	0	1.848	0.139	0	0	2.885	0	0	0	0	3.57	2.532	0	8.378	0	2
4.228	3.1334	0	0	0	0	0	26.3	3	2	0	0	2.746	1.557	8.891	0	0.998	1.153	0	0	0	1.103	0	0	0	0	1.932	0.136	0	0	2.535	0	0	0	1	3.105	2.548	0	7.107	0	0
5.086	3.9599	3	0	0	1	0	28.6	1	1	0	0	3.347	0.918	9.771	0	1.152	1.125	0	0	1	1.32	0	0	0	0	2.074	-0.263	0	9.431	1.372	0	0	0	0	4.238	3.764	0	8.925	0	3
4.236	2.9709	0	0	1	0	0	31.9	1	1	1	-0.151	3.915	3.554	10.042	1	0.969	1.143	0	0	0	1.198	0	0	0	0	1.995	0	0	10.604	9.701	0	0	1	2	3.309	1.861	1	8.305	0	0
5.262	4.5221	1	0	0	0	0	28.3	3	4	0	0	3.856	2.733	10.387	12	0.987	1.144	0	0	0	1.187	0	0	0	0	2.257	0	0	12.436	3.441	0	0	0	0	4.415	2.115	0	9.152	0	0
6.253	7.1279	0	0	0	7	0	30.8	1	2	0	-4.279	4.252	1.544	11.905	2	1.285	1.34	0	0	1	0.908	0	0	0	0	2.648	0	0	9.723	3.516	0	0	0	1	3.954	5.737	0	9.274	0	15
4.807	3.1717	0	0	0	0	3	42.9	3	0	0	0	3.075	0.881	9.833	0	0.967	1.119	0	0	0	1.321	1	0	0	0	2.246	-0.023	0	0	1.06	0	0	0	0	3.698	1.889	0	8.086	0	0
5.236	3.778	5	0	0	0	6	46.7	1	0	0	0	5.013	0.799	10.434	0	1.045	1.058	0	0	0	1.58	1	1	0	0	2.414	0.004	1	0	0.873	0	5	0	0	6.982	2.146	0	13.184	0	5
4.562	3.1297	0	0	2	0	2	37.5	0	0	4	0	2.997	0.875	9.54	0	0.991	1.14	0	0	0	1.242	1	0	0	0	2.17	0.045	0	0	1.14	0	2	4	4	3.633	2.417	2	7.969	0	0
4.658	2.9363	0	0	2	0	2	38.1	1	1	4	-0.074	3.314	1.455	9.9	1	1.003	1.137	0	0	0	1.239	1	0	0	0	2.22	-0.008	0	10.556	2.349	0	2	5	3	3.658	2.591	2	8.311	0	0
5.388	3.3114	0	0	0	1	3	39.3	4	1	0	0	3.351	1.124	10.539	4	0.978	1.126	0	0	0	1.27	1	0	0	0	2.377	0.004	0	0	1.69	0	1	0	1	3.78	2.188	0	8.357	0	0
4.97	3.3797	0	0	0	0	4	40.9	3	1	0	0	3.193	0.861	10.06	4	0.983	1.123	0	0	0	1.272	1	0	0	0	2.307	0.013	0	0	0.962	0	1	0	1	3.774	2.267	0	8.239	0	0
4.807	3.3179	1	0	0	0	3	43.8	1	1	0	0	3.297	0.881	9.833	2	1.012	1.113	0	0	0	1.298	1	0	1	0	2.246	-0.025	0	0	1.06	0	2	0	1	3.926	2.568	0	8.562	0	1
4.607	3.0008	1	0	0	0	2	41.2	0	1	0	0	3.256	1.187	9.631	2	0.996	1.105	0	0	0	1.302	1	0	0	0	2.194	-0.025	0	0	1.544	0	2	0	1	3.865	2.352	0	8.506	0	0
5.313	2.7782	0	0	0	1	2	40	4	1	0	0	3.564	1.697	10.592	2	0.976	1.125	0	0	0	1.274	1	0	0	0	2.329	-0.001	0	10.535	2.986	0	0	0	0	3.692	2.161	0	8.482	0	0
5.103	3.9184	0	0	4	0	4	35	1	5	4	0	3.649	1.197	10.456	11	1.08	1.144	0	2	0	1.195	1	0	0	0	2.38	0.001	0	41.425	1.74	0	3	4	1	3.967	3.619	2	8.984	0	0
5.431	2.8955	0	0	0	2	0	32.1	4	1	1	0.374	3.233	0.832	10.681	2	0.982	1.144	0	0	0	1.232	1	0	0	0	2.394	-0.007	0	11.254	1.055	2	0	6	1	3.573	2.242	1	8.088	0	0
4.869	1.767	0	1	9	0	5	44.4	0	4	14	-0.391	4.435	1.073	11.072	9	1.016	1.123	0	1	0	1.261	3	0	0	0	2.314	0	0	33.54	6.465	0	4	13	0	3.848	2.576	5	9.537	1	0
