3.4298930062
-0.9035307275
5.0274555437
6.0274555437
5.0274555437
-0.9498243798
0.6294244698
-1.9498243798
3.1205649481
0.4594994683
-0.6154053407
-0.6154053407
2.9695571600
-1.9815332395
1.4107841833
-2.9815332395
-1.9035307275
-2.4884932282
-3.0304428400
-3.0304428400
0.0399464879
-1.0304428400
1.3618745828
4.2408591818
-0.2185724368
0.0444619690
-1.3034613344
0.0444619690
0.7518211011
-0.3648618790
-1.3648618790
4.0274555437
3.2408591818
2.2408591818
0.3663900639
0.5038935877
0.3174804634
-2.6154053407
-0.0304428400
3.3518904942
1.2815011663
1.6294244698
0.3132100261
-1.6867899739
3.2201006217
3.7055274488
1.5680239251
2.5680239251
4.3618745828
-1.0304428400
3.3618745828
5.3618745828
-1.0975570358
-0.7076105175
4.2663942740
1.1819654928
-0.8884238351
-0.8884238351
-0.8884238351
3.0888560884
-1.8884238351
-1.8884238351
0.2220001546
-2.4884932282
-1.3034613344
1.2815011663
-2.3034613344
0.9513525647
5.4107841833
-0.0975570358
3.4887866953
-1.7108856495
1.3663900639
-2.1514582409
-1.5664957402
-0.5664957402
3.8258216826
1.0888560884
-2.5258537557
0.3663900639
-2.5664957402
4.4107841833
0.0184667605
-0.9815332395
-1.4733863358
2.1115761649
-1.4733863358
1.9189310870
1.1819654928
0.0964692725
2.2923894825
