56,66,3
47,63,23
41,60,23
57,64,1
52,59,2
43,59,2
57,62,14
34,59,0
30,64,1
30,65,0
31,59,2
31,65,4
34,58,30
34,60,1
34,61,10
34,60,0
35,64,13
36,69,0
37,63,0
37,63,0
38,59,2
38,60,0
38,62,3
38,64,1
38,66,0
38,66,11
38,67,5
39,67,0
39,58,0
39,59,2
39,63,4
40,58,2
40,58,0
40,65,0
41,58,0
41,64,0
41,69,8
41,65,0
41,65,0
42,58,0
42,60,1
42,59,2
42,62,20
42,65,0
42,63,1
43,63,14
43,64,3
43,60,0
43,63,2
43,66,4
44,63,1
45,60,0
45,67,0
45,59,14
45,68,0
46,63,0
47,63,6
47,67,0
47,58,3
47,66,12
48,61,8
48,64,0
48,66,0
49,61,1
49,66,0
49,60,1
49,62,1
49,63,3
49,61,0
49,67,1
50,61,0
50,63,1
50,58,1
50,59,2
50,61,0
51,59,1
51,66,1
52,63,4
52,69,0
52,60,4
52,60,5
52,62,1
52,64,0
52,65,0
52,68,0
53,58,1
53,60,1
53,60,2
53,61,1
53,63,0
54,59,7
54,60,3
54,67,46
54,62,0
54,69,7
54,62,0
55,58,1
55,58,0
55,58,1
55,66,18
55,66,0
55,69,3
55,69,22
56,60,0
56,66,2
56,66,1
56,60,0
57,64,9
57,69,0
57,61,0
57,63,0
57,64,0
57,67,0
58,60,3
58,61,1
58,67,0
58,58,0
58,58,3
59,60,0
59,64,1
59,64,4
59,64,0
59,64,7
59,67,3
60,61,1
60,61,25
61,59,0
61,59,0
61,64,0
61,65,8
61,68,0
61,59,0
62,66,0
62,66,0
62,58,0
63,63,0
63,63,0
63,61,9
63,61,28
64,65,22
64,61,0
64,68,0
65,58,0
65,67,0
65,59,2
65,64,0
66,58,1
66,68,0
67,66,0
67,61,0
67,65,0
68,67,0
68,68,0
69,60,0
69,65,0
69,66,0
70,66,14
70,68,0
70,59,8
70,63,0
71,68,2
72,58,0
72,67,3
74,63,0
75,62,1
76,67,0
