"V1","V2","V3","V4","V5","V6","V7","V8","V9","V10","V11","V12","V13","V14","V15","V16","V17","V18","V19","V20","V21","V22","V23","V24","V25","V26","V27","V28","V29","V30","V31","V32","V33","V34","V35"
0,0,1,1,0,0,0,0,-1,-1,0,0,0,0,-1,-1,-1,-1,-1,1,-1,1,0,0,0,0,1,-1,-1,1,-1,1,-1,1,"1"
0,0,1,-1,1,-1,1,-1,1,-1,1,1,1,1,1,-1,1,1,1,1,1,1,1,-1,1,-1,1,-1,1,0.65625,0,0,1,-1,"1"
1,0,1,-0.45161,1,1,0.71216,-1,0,0,0,0,0,0,-1,0.14516,0.54094,-0.3933,-1,-0.54467,-0.69975,1,0,0,1,0.90695,0.51613,1,1,-0.20099,0.25682,1,-0.32382,1,"1"
1,0,1,1,1,-1,1,-1,1,1,1,1,1,1,1,-1,1,1,1,1,1,1,1,1,1,1,1,0.5,0,0,1,-1,1,-1,"1"
1,0,0.68198,-0.17314,0.82332,0.21908,0.46643,0.32862,0.25795,0.58304,1,-0.15194,0.0106,0.44523,0.0106,0.38869,0.18681,0.41168,0.10567,0.36353,0.04325,0.30745,-0.00083,0.24936,-0.02862,0.19405,-0.04314,0.14481,-0.04779,0.10349,-0.04585,0.07064,-0.04013,0.04586,"1"
0,0,0,0,0,0,0,0,0,0,0,0,0,0,0,0,0,0,0,0,0,0,0,0,0,0,1,-1,0,0,0,0,0,0,"1"
0,0,1,1,1,-1,1,-1,1,1,0,0,1,-1,0,0,0,0,0,0,-1,1,1,1,0,0,1,1,0,0,-1,-1,0,0,"1"
0,0,1,1,0,0,1,-1,1,-1,1,1,1,1,1,-1,1,1,1,1,1,-1,-1,-1,1,-1,1,-1,1,1,0,0,1,-1,"1"
1,0,0.99539,-0.05889,0.85243,0.02306,0.83398,-0.37708,1,0.0376,0.85243,-0.17755,0.59755,-0.44945,0.60536,-0.38223,0.84356,-0.38542,0.58212,-0.32192,0.56971,-0.29674,0.36946,-0.47357,0.56811,-0.51171,0.41078,-0.46168,0.21266,-0.3409,0.42267,-0.54487,0.18641,-0.453,"0"
1,0,1,-0.03365,1,0.00485,1,-0.12062,0.88965,0.01198,0.73082,0.05346,0.85443,0.00827,0.54591,0.00299,0.83775,-0.13644,0.75535,-0.0854,0.70887,-0.27502,0.43385,-0.12062,0.57528,-0.4022,0.58984,-0.22145,0.431,-0.17365,0.60436,-0.2418,0.56045,-0.38238,"0"
1,0,1,-0.02401,0.9414,0.06531,0.92106,-0.23255,0.77152,-0.16399,0.52798,-0.20275,0.56409,-0.00712,0.34395,-0.27457,0.5294,-0.2178,0.45107,-0.17813,0.05982,-0.35575,0.02309,-0.52879,0.03286,-0.65158,0.1329,-0.53206,0.02431,-0.62197,-0.05707,-0.59573,-0.04608,-0.65697,"0"
1,0,0.96355,-0.07198,1,-0.14333,1,-0.21313,1,-0.36174,0.9257,-0.43569,0.9451,-0.40668,0.90392,-0.46381,0.98305,-0.35257,0.84537,-0.6602,0.75346,-0.60589,0.69637,-0.64225,0.85106,-0.6544,0.57577,-0.69712,0.25435,-0.63919,0.45114,-0.72779,0.38895,-0.7342,"0"
1,0,1,0.06655,1,-0.18388,1,-0.2732,1,-0.43107,1,-0.41349,0.96232,-0.51874,0.90711,-0.59017,0.8923,-0.66474,0.69876,-0.70997,0.70645,-0.7632,0.63081,-0.80544,0.55867,-0.89128,0.47211,-0.865,0.40303,-0.83675,0.30996,-0.89093,0.22995,-0.89158,"0"
1,0,1,0.0738,1,0.0342,1,-0.05563,1,0.08764,1,0.19651,1,0.20328,1,0.12785,1,0.10561,1,0.27087,1,0.44758,1,0.4175,1,0.20033,1,0.36743,0.95603,0.48641,1,0.32492,1,0.46712,"0"
1,0,0.99645,0.06468,1,-0.01236,0.97811,0.02498,0.96112,0.02312,0.99274,0.07808,0.89323,0.10346,0.94212,0.05269,0.88809,0.1112,0.86104,0.08631,0.81633,0.1183,0.83668,0.14442,0.81329,0.13412,0.79476,0.13638,0.7911,0.15379,0.77122,0.1593,0.70941,0.12015,"0"
1,0,0.67065,0.02528,0.66626,0.05031,0.57197,0.18761,0.08776,0.34081,0.63621,0.12131,0.62099,0.14285,0.78637,0.10976,0.58373,0.18151,0.14395,0.41224,0.53888,0.21326,0.5142,0.22625,0.48838,0.23724,0.46167,0.24618,0.43433,0.25306,0.40663,0.25792,1,0.33036,"0"
1,0,1,-0.00612,1,-0.09834,1,-0.07649,1,-0.10605,1,-0.11073,1,-0.39489,1,-0.15616,0.92124,-0.31884,0.86473,-0.34534,0.91693,-0.44072,0.9606,-0.46866,0.81874,-0.40372,0.82681,-0.42231,0.75784,-0.38231,0.80448,-0.40575,0.74354,-0.45039,"0"
1,0,1,-0.06182,1,0.02942,1,-0.05131,1,-0.01707,1,-0.11726,0.84493,-0.05202,0.93392,-0.06598,0.6917,-0.07379,0.65731,-0.20367,0.9491,-0.31558,0.80852,-0.31654,0.84932,-0.34838,0.72529,-0.29174,0.73094,-0.38576,0.54356,-0.26284,0.64207,-0.39487,"0"
1,0,1,-0.08714,1,-0.17263,0.86635,-0.81779,0.94817,0.61053,0.95473,-0.41382,0.88486,-0.31736,0.87937,-0.23433,0.81051,-0.6218,0.12245,-1,0.90284,0.11053,0.62357,-0.78547,0.55389,-0.82868,0.48136,-0.86583,0.4065,-0.89674,0.32984,-0.92128,-0.13341,-1,"0"
1,0,1,0.0838,1,0.17387,1,-0.13308,0.98172,0.6452,1,0.47904,1,0.59113,1,0.70758,1,0.82777,1,0.95099,1,1,0.98042,1,0.91624,1,0.83899,1,0.74822,1,0.64358,1,0.52479,1,"0"
1,0,1,-0.14236,1,-0.16256,1,-0.23656,1,-0.07514,1,-0.2501,1,-0.26161,1,-0.21975,1,-0.38606,1,-0.46162,1,-0.35519,1,-0.59661,1,-0.47643,0.9882,-0.49687,1,-0.7582,1,-0.75761,1,-0.84437,"0"
1,0,0.88208,-0.14639,0.93408,-0.11057,0.921,-0.1645,0.88307,-0.17036,0.88462,-0.31809,0.85269,-0.31463,0.82116,-0.35924,0.80681,-0.33632,0.75243,-0.47022,0.70555,-0.47153,0.6615,-0.50085,0.61297,-0.48086,0.56804,-0.54629,0.50179,-0.59854,0.47075,-0.57377,0.42189,-0.58086,"0"
1,0,1,0.00433,1,-0.01209,1,-0.0296,1,-0.07014,0.97839,-0.06256,1,-0.06544,0.97261,-0.07917,0.92561,-0.13665,0.94184,-0.14327,0.99589,-0.14248,0.94815,-0.13565,0.89469,-0.20851,0.89067,-0.17909,0.85644,-0.18552,0.83777,-0.20101,0.83867,-0.20766,"0"
1,0,1,0.06538,1,0.20746,1,0.26281,0.93051,0.32213,0.86773,0.39039,0.75474,0.50082,0.79555,0.52321,0.65954,0.60756,0.57619,0.62999,0.47807,0.67135,0.40553,0.6884,0.34384,0.72082,0.27712,0.72386,0.19296,0.70682,0.11372,0.72688,0.0699,0.71444,"0"
1,0,0.90932,0.08791,0.86528,0.16888,1,0.16598,0.55187,0.68154,0.70207,0.36719,0.16286,0.42739,0.5762,0.46086,0.51067,0.49618,0.31639,0.12967,0.37824,0.54462,0.31274,0.55826,0.24856,0.56527,0.18626,0.56605,0.12635,0.56101,0.06927,0.55061,0.12137,0.67739,"0"
1,0,0.99025,-0.05785,0.99793,-0.13009,0.98663,-0.1943,0.99374,-0.25843,0.92738,-0.3013,0.92651,-0.37965,0.89812,-0.43796,0.84922,-0.52064,0.87433,-0.57075,0.79016,-0.59839,0.74725,-0.64615,0.68282,-0.68479,0.65247,-0.73174,0.6101,-0.75353,0.54752,-0.80278,0.49195,-0.83245,"0"
1,0,0.84134,-0.18362,0.43644,0.02919,0.93421,-0.00267,0.87947,0.13795,0.81121,-0.01789,0.88559,0.54991,0.91714,-0.57486,0.75,-0.2952,0.86676,-0.20104,1,1,0.4661,-0.1629,0.90066,-0.02778,0.93358,-0.01158,0.61582,-0.32298,0.84463,-0.25706,0.93323,-0.01425,"0"
1,0,1,1,1,1,0.9101,1,-0.2697,1,-0.83152,1,-1,1,-1,0.72526,-1,-0.57779,-1,-0.42052,-1,-1,-0.52838,-1,0.90014,-1,1,-1,1,-1,1,-0.34686,1,0.34845,"0"
1,0,1,-0.02259,1,-0.04494,1,-0.06682,1,-0.08799,1,0.56173,1,-0.12738,1,-0.14522,1,0.32407,1,-0.17639,0.99484,-0.18949,0.95601,-0.20081,1,-0.92284,0.8728,-0.21793,0.8292,-0.2237,0.78479,-0.22765,0.73992,-0.22981,"0"
1,0,1,0.05812,0.94525,0.07418,0.99952,0.13231,1,-0.01911,0.94846,0.07033,0.95713,0.14644,0.94862,0.11224,0.90896,0.20119,0.96741,0.16265,0.99695,0.14258,0.90784,0.1641,0.91667,0.22431,0.88423,0.23571,0.88568,0.22511,0.78324,0.29576,0.83574,0.31166,"0"
1,0,1,0.09771,1,0.12197,1,0.22574,0.98602,0.09237,0.9493,0.19211,0.92992,0.24288,0.89241,0.28343,0.85529,0.26721,0.83656,0.33129,0.83393,0.31698,0.74829,0.39597,0.76193,0.34658,0.68452,0.42746,0.62764,0.46031,0.56791,0.47033,0.54252,0.50903,"0"
1,0,1,0.16801,0.99352,0.16334,0.94616,0.33347,0.91759,0.2261,0.91408,0.37107,0.8425,0.46899,0.81011,0.49225,0.78473,0.48311,0.65091,0.56977,0.56553,0.58071,0.55586,0.6472,0.48311,0.55236,0.43317,0.69129,0.35684,0.76147,0.33921,0.66844,0.22101,0.78685,"0"
1,0,1,-0.41457,1,0.76131,0.8706,0.18593,1,-0.09925,0.93844,0.4799,0.65452,-0.1608,1,0.00879,0.97613,-0.50126,0.80025,-0.24497,0.88065,-0.19095,1,-0.12312,0.93593,0.10678,0.9289,-0.07249,1,-0.27387,0.4397,0.19849,0.51382,-0.05402,"0"
1,0,1,0.28046,1,0.02477,1,0.07764,1,0.04317,0.98762,0.33266,1,0.05489,1,0.04384,0.9575,-0.24598,0.84371,-0.08668,1,0.0415,0.99933,0.27376,1,-0.39056,0.96414,-0.02174,0.86747,0.2336,0.94578,-0.22021,0.80355,-0.07329,"0"
1,0,1,0.03529,1,0.18281,1,0.26968,1,0.25068,1,0.28778,1,0.38643,1,0.31674,1,0.65701,1,0.53846,1,0.61267,1,0.59457,0.89593,0.68326,0.89502,0.71374,0.85611,0.67149,0.74389,0.85611,0.71493,0.75837,"0"
1,0,0.96087,0.0862,0.9676,0.19279,0.96026,0.27451,0.98044,0.35052,0.92867,0.46281,0.86265,0.52517,0.8282,0.58794,0.73242,0.69065,0.69003,0.7314,0.54473,0.6882,0.48339,0.76197,0.40615,0.74689,0.33401,0.83796,0.24944,0.86061,0.13756,0.86835,0.09048,0.86285,"0"
1,0,1,0.0507,1,0.10827,1,0.19498,1,0.28453,1,0.34826,1,0.38261,0.94575,0.42881,0.89126,0.50391,0.75906,0.58801,0.80644,0.59962,0.79578,0.62758,0.66643,0.63942,0.59417,0.69435,0.49538,0.72684,0.47027,0.71689,0.33381,0.75243,"0"
1,0,1,0.04078,1,0.11982,1,0.16159,1,0.27921,0.98703,0.30889,0.92745,0.37639,0.91118,0.39749,0.81939,0.46059,0.78619,0.46994,0.794,0.56282,0.70331,0.58129,0.67077,0.59723,0.58903,0.6099,0.53952,0.60932,0.45312,0.63636,0.40442,0.62658,"0"
1,0,1,0.24168,1,0.4859,1,0.72973,1,1,1,1,1,1,1,0.77128,1,1,1,1,0.74468,1,0.89647,1,0.64628,1,0.38255,1,0.10819,1,-0.1737,1,-0.81383,1,"0"
1,0,0.74852,-0.02811,0.6568,-0.05178,0.80621,0.02811,0.85947,0.02515,0.63462,0.08728,0.71598,0.0784,0.73077,0.05178,0.7855,-0.27811,0.65976,-0.01479,0.78698,0.06953,0.34615,-0.18639,0.65385,0.02811,0.61009,-0.06637,0.5355,-0.21154,0.59024,-0.14053,0.56361,0.02959,"0"
1,0,0.67547,0.04528,0.76981,-0.10566,0.77358,0.03774,0.66038,-0.04528,0.64528,0.01132,0.66792,-0.13962,0.72075,-0.02264,0.76981,0.08679,0.61887,-0.07925,0.75849,-0.23774,0.73962,-0.14717,0.84906,-0.15094,0.73886,-0.05801,0.66792,0.02264,0.86415,0.03774,0.73208,0.00755,"0"
1,0,0.57647,-0.01569,0.40392,0,0.38431,0.12941,0.4,-0.05882,0.56471,0.14118,0.46667,0.08235,0.52549,-0.0549,0.58039,0.01569,0.50196,0,0.45882,0.06667,0.58039,0.08235,0.49804,0.00392,0.48601,0.10039,0.46275,0.08235,0.45098,0.23529,0.43137,0.17255,"0"
1,0,0.88305,-0.21996,1,0.36373,0.82403,0.19206,0.85086,0.05901,0.90558,-0.04292,0.85193,0.25,0.77897,0.25322,0.69206,0.5794,0.7103,0.39056,0.73176,0.27575,1,0.34871,0.5676,0.52039,0.69811,0.53235,0.80901,0.58584,0.43026,0.70923,0.52361,0.54185,"0"
1,0,0.29202,0.13582,0.45331,0.16808,0.51783,-0.00509,0.52632,0.20883,0.52462,-0.16638,0.47368,-0.04754,0.55518,0.03905,0.81664,-0.22411,0.42445,-0.04244,0.34975,0.06621,0.28183,-0.20883,0.51731,-0.03176,0.50369,-0.03351,0.34635,0.09847,0.70798,-0.01868,0.39559,-0.03226,"0"
1,0,0.97714,0.19049,0.82683,0.46259,0.71771,0.58732,0.47968,0.84278,0.31409,0.92643,0.10289,0.93945,-0.13254,0.8429,-0.3202,0.91624,-0.52145,0.79525,-0.68274,0.49508,-0.77408,0.33537,-0.85376,0.17849,-0.83314,-0.01358,-0.82366,-0.19321,-0.67289,-0.33662,-0.59943,-0.497,"0"
1,0,0.74084,0.04974,0.79074,0.02543,0.78575,0.03793,0.6623,0.09948,0.67801,0.31152,0.75934,0.07348,0.74695,0.08442,0.70681,-0.07853,0.63613,0,0.70021,0.11355,0.68183,0.12185,0.67016,0.15445,0.64158,0.13608,0.65707,0.17539,0.59759,0.14697,0.57455,0.15114,"0"
1,0,0.95704,-0.12095,0.63318,-0.1269,0.96365,-0.18242,0.97026,0.0846,0.92003,-0.01124,0.83543,-0.24719,1,-0.31395,0.99273,-0.21216,0.98678,-0.21018,1,-0.27165,0.93126,-0.39458,1,-0.19233,0.88793,-0.31565,0.81428,-0.23728,0.89095,-0.31857,0.69531,-0.41573,"0"
1,0,0.9449,-0.49311,1,-0.03692,0.98898,-0.87052,0.90083,0.66942,1,-0.10104,1,-0.12493,1,-0.15017,1,-0.17681,1,-0.20491,1,-0.23452,1,-0.26571,1,-0.29852,1,-0.33304,1,-0.36931,1,-0.4074,1,-0.44739,"0"
1,0,1,0.23395,0.91404,0.52013,0.7802,0.72144,0.4766,0.84222,0.27639,0.9173,0.09467,0.88248,-0.2198,0.91404,-0.34168,0.75517,-0.5136,0.64527,-0.64527,0.44614,-0.74102,0.29162,-0.70838,0.03591,-0.71731,-0.11943,-0.64962,-0.28183,-0.51251,-0.44505,-0.37432,-0.53319,"0"
1,0,0.98182,0,0.88627,0.03131,0.86249,0.04572,0.8,0,0.69091,0.04545,0.79343,0.08436,0.77118,0.09579,0.62727,0.25455,0.68182,0.12727,0.70674,0.12608,0.68604,0.13493,0.74545,0.22727,0.64581,0.15088,0.67273,0.02727,0.60715,0.16465,0.5884,0.17077,"0"
1,0,0.86889,-0.07111,1,-0.02494,1,-0.06889,0.87778,0.00222,0.83556,-0.06444,1,-0.07287,1,-0.2,0.86889,0.05333,0.88,-0.03778,1,-0.11526,1,-0.18667,0.84444,0.03556,1,-0.14162,0.82222,-0.14667,1,-0.15609,1,-0.44222,"0"
1,0,1,-0.92453,1,0.75472,0.49057,-0.0566,0.62264,0,1,-0.00054,0.45283,0.07547,0.62264,-0.0566,0.98878,-0.00085,0.5283,0,0.5283,0.07547,0.9519,-0.00112,1,0.79245,0.92192,-0.00128,0.9434,-1,1,0.43396,0.43396,-0.11321,"0"
1,0,0.95217,0.06595,0.93614,0.1303,0.90996,0.19152,0.84881,-0.49962,0.90023,0.6132,0.77937,0.34328,0.72254,0.37988,0.66145,0.40844,0.95472,0.59862,0.53258,0.44088,0.46773,0.44511,0.4044,0.44199,0.34374,0.43221,0.9033,1,0.23405,0.3962,0.18632,0.37191,"0"
1,0,0.96933,0.00876,1,0.00843,0.98658,-0.00763,0.97868,-0.02844,0.9982,-0.0351,1,-0.01271,1,-0.02581,1,-0.01175,0.98485,0.00025,1,-0.02612,1,-0.04744,0.96019,-0.04527,0.99188,-0.03473,0.9702,-0.02478,1,-0.03855,0.9842,-0.04112,"0"
1,0,0.64122,0.01403,0.34146,-0.02439,0.52751,0.03466,0.19512,0.12195,0.43313,0.04755,0.21951,0.04878,0.29268,0,0.36585,0,0.31707,0.07317,0.26829,0.12195,0.23698,0.05813,0.21951,0.09756,0.19304,0.05641,0.1741,0.05504,0.19512,0,0.17073,0.07317,"0"
1,0,0.26667,-0.1,0.53333,0,0.33333,-0.13333,0.36667,0.11667,0.56667,0.01667,0.71667,0.08333,0.7,-0.06667,0.53333,0.2,0.41667,-0.01667,0.31667,0.2,0.7,0,0.25,0.13333,0.46214,0.05439,0.4,0.03333,0.46667,0.03333,0.41667,-0.05,"0"
1,0,0.95202,0.02254,0.93757,-0.01272,0.93526,0.01214,0.96705,-0.01734,0.96936,0.0052,0.95665,-0.03064,0.9526,-0.00405,0.9948,-0.02659,0.99769,0.01792,0.93584,-0.04971,0.93815,-0.0237,0.97052,-0.04451,0.96215,-0.01647,0.97399,0.01908,0.95434,-0.0341,0.95838,0.00809,"0"
1,0,0.31034,-0.10345,0.24138,-0.10345,0.2069,-0.06897,0.07405,-0.05431,0.03649,-0.03689,0.01707,-0.02383,0.00741,-0.01482,0.00281,-0.00893,0.00078,-0.00523,-3e-05,-0.00299,-0.00028,-0.00166,-0.00031,-9e-04,-0.00025,-0.00048,-0.00018,-0.00024,-0.00012,-0.00012,-8e-05,-6e-05,"0"
1,0,0.25,0.16667,0.46667,0.26667,0.19036,0.23966,0.07766,0.19939,0.0107,0.14922,-0.02367,0.10188,-0.03685,0.06317,-0.03766,0.03458,-0.0323,0.01532,-0.02474,0.00357,-0.01726,-0.00273,-0.01097,-0.00539,-0.00621,-0.00586,-0.00294,-0.0052,-0.00089,-0.00408,0.00025,-0.00291,"0"
1,0,1,-0.01081,1,-0.02703,1,-0.06486,0.95135,-0.01622,0.98919,-0.03243,0.98919,0.08649,1,-0.06486,0.95135,0.09189,0.97838,-0.00541,1,0.06486,1,0.04324,0.97838,0.09189,0.98556,0.01251,1,-0.03243,1,0.02703,1,-0.07027,"0"
1,0,0.90374,-0.01604,1,0.08021,1,0.01604,0.93048,0.00535,0.93583,-0.01604,1,0,1,0.06417,1,0.04813,0.91444,0.04278,0.96791,0.02139,0.9893,-0.01604,0.96257,0.05348,0.96974,0.04452,0.87701,0.0107,1,0.09091,0.97861,0.06417,"0"
1,0,0.6,0.03333,0.63333,0.06667,0.7,0.06667,0.7,0,0.63333,0,0.8,0,0.73333,0,0.7,0.1,0.66667,0.1,0.73333,-0.03333,0.76667,0,0.63333,0.13333,0.65932,0.10168,0.6,0.13333,0.6,0.16667,0.63333,0.16667,"0"
1,0,0.94653,0.28713,0.72554,0.67248,0.47564,0.82455,0.01267,0.89109,-0.24871,0.84475,-0.47644,0.56079,-0.75881,0.41743,-0.66455,0.07208,-0.65426,-0.19525,-0.52475,-0.44,-0.30851,-0.55089,-0.04119,-0.64792,0.16085,-0.5642,0.36752,-0.41901,0.46059,-0.22535,0.50376,-0.0598,"0"
1,0,0.72414,-0.01084,0.79704,0.01084,0.8,0.00197,0.79015,0.01084,0.78424,-0.00985,0.8335,0.03251,0.85123,0.01675,0.80099,-0.00788,0.79113,-0.02956,0.75961,0.0335,0.74778,0.05517,0.72611,-0.01478,0.78041,0.00612,0.74089,-0.05025,0.82956,0.02956,0.79015,0.00788,"0"
1,0,0.4709,0.22751,0.42328,0.33598,0.25661,0.47619,0.01852,0.49471,-0.02116,0.53968,-0.34127,0.31217,-0.4127,0.3254,-0.51587,0.06878,-0.5,-0.1164,-0.14815,-0.1455,-0.14815,-0.38095,-0.2328,0.00265,0.03574,-0.31739,0.15873,-0.21693,0.24868,-0.24339,0.2672,0.04233,"0"
1,0,0.94333,0.38574,0.48263,0.64534,0.21572,0.77514,-0.55941,0.64899,-0.73675,0.42048,-0.76051,0,-0.62706,-0.31079,-0.38391,-0.62157,-0.12797,-0.69287,0.49909,-0.6362,0.71481,-0.3766,0.73857,-0.05484,0.60098,0.30384,0.45521,0.60512,0.02742,0.54479,-0.21572,0.50457,"0"
1,0,0.85736,0.00075,0.81927,-0.05676,0.77521,-0.04182,0.84317,0.09037,0.86258,0.11949,0.88051,-0.06124,0.78342,0.0351,0.83719,-0.06796,0.8357,-0.1419,0.88125,0.01195,0.90515,0.0224,0.79686,-0.01942,0.82383,-0.03678,0.88125,-0.06423,0.73936,-0.01942,0.79089,-0.09186,"0"
1,0,0.85209,0.39252,0.38887,0.76432,0.08858,0.98903,-0.42625,0.88744,-0.76229,0.4998,-0.93092,0.10768,-0.859,-0.31044,-0.6603,-0.55262,-0.1926,-0.86063,0.28444,-0.80496,0.64649,-0.3523,0.77814,-0.23324,0.71698,0.21343,0.3783,0.5831,0.19667,0.66315,-0.11215,0.64933,"0"
1,0,1,0.54902,0.62745,1,0.01961,1,-0.4902,0.92157,-0.82353,0.58824,-1,0.11765,-0.96078,-0.33333,-0.64706,-0.68627,-0.23529,-0.86275,0.35294,-1,0.7451,-0.72549,0.92157,-0.21569,0.92874,0.21876,0.72549,0.56863,0.23529,0.90196,-0.11765,0.90196,"0"
1,0,1,0,1,0,0.5,0.5,0.75,0,0.91201,0.12094,0.89067,0.1421,0.86922,0.16228,0.75,0.25,0.75,0.5,0.75,0,1,-0.25,0.5,0.5,0.73944,0.26388,0.75,0.25,0.69635,0.29074,0.67493,0.30293,"0"
1,0,1,0.45455,1,-0.45455,1,0.09091,1,-0.09091,1,0,1,-0.27273,1,-0.18182,1,0.09091,1,0,1,-0.36364,1,0.09091,1,-0.09091,1,-0.04914,1,0.45455,1,-0.27273,1,-0.18182,"0"
1,0,0.91667,0.29167,0.83333,-0.16667,0.70833,0.25,0.875,-0.08333,0.91667,0.04167,0.83333,0.125,0.70833,0,0.875,0.04167,1,0.08333,0.66667,-0.08333,0.75,0.16667,0.83333,-0.125,0.83796,0.05503,1,0.20833,0.70833,0,0.70833,0.04167,"0"
1,0,1,-0.08183,1,-0.11326,0.99246,-0.29802,1,-0.33075,0.96662,-0.34281,0.85788,-0.47265,0.91904,-0.4817,0.73084,-0.65224,0.68131,-0.63544,0.8245,-0.78316,0.58829,-0.74785,0.67033,-0.96296,0.48757,-0.85669,0.37941,-0.83893,0.24117,-0.88846,0.29221,-0.89621,"0"
1,0,1,0.24077,0.99815,0.00369,0.80244,-0.30133,0.89919,-0.23486,0.70643,-0.24077,0.73855,-0.30539,0.71492,-0.36078,0.47194,-0.61189,0.40473,-0.55059,0.61041,-0.39328,0.53176,-0.32681,0.23966,-0.52142,0.29208,-0.4839,0.12777,-0.39143,0.15657,-0.51329,0.18353,-0.46603,"0"
1,0,0.92247,-0.19448,0.96419,-0.17674,0.87024,-0.22602,0.81702,-0.2707,0.79271,-0.28909,0.70302,-0.49639,0.63338,-0.49967,0.37254,-0.70729,0.2707,-0.72109,0.40506,-0.54172,0.33509,-0.59691,0.1475,-0.63601,0.09312,-0.59589,-0.07162,-0.54928,-0.0184,-0.54074,-0.07457,-0.47898,"0"
1,0,0.84177,0.4346,0.5,0.7616,0.09916,0.9346,-0.37764,0.88186,-0.72363,0.61181,-0.93882,0.19409,-0.86709,-0.25527,-0.62869,-0.65612,-0.25105,-0.85654,0.16245,-0.86498,0.51477,-0.66878,0.74895,-0.28903,0.77937,0.07933,0.64135,0.42827,0.31435,0.62447,-0.00422,0.69409,"0"
1,0,1,0.63548,1,1,0.77123,1,-0.33333,1,-1,1,0,1,-1,1,-1,0,-1,-0.66667,-1,-0.92536,-1,-0.33333,-0.33333,-1,0.19235,-1,1,-1,0,-1,1,-0.66667,"0"
1,0,1,0.06843,1,0.14211,1,0.22108,1,-0.125,1,0.39495,1,0.48981,1,0.58986,-0.375,1,1,0,1,0.92001,1,1,1,1,1,1,1,0.25,1,1,1,1,"0"
1,0,0.64947,-0.07896,0.58264,-0.1438,-0.13129,-0.21384,0.29796,0.04403,0.38096,-0.26339,0.28931,-0.31997,0.03459,-0.18947,0.20269,-0.29441,0.15196,-0.29052,0.09513,-0.31525,0.06556,-0.26795,0.03004,-0.25124,-0.00046,-0.2321,-0.02612,-0.21129,-0.04717,-0.1895,0.01336,-0.27201,"0"
1,0,1,0.05149,0.99363,0.10123,0.96142,0.14756,0.95513,-0.26496,0.66026,0.54701,0.80426,0.25283,0.73781,0.2738,0.66775,0.28714,0.59615,0.29304,0.52494,0.292,0.45582,0.28476,0.39023,0.27226,0.3293,0.25553,0.27381,0.23568,0.22427,0.21378,0.18086,0.19083,"0"
1,0,1,0.23058,1,-0.78509,1,-0.10401,1,0.15414,1,0.2782,0.9812,-0.06861,1,0.0661,0.95802,-0.18954,0.83584,-0.15633,0.974,0.03728,0.99624,0.09242,1,-0.01253,0.96238,-0.04597,0.91165,0.03885,1,-0.13722,0.96523,-0.11717,"0"
1,0,0.79847,0.38265,0.80804,-0.16964,1,-0.07653,0.98151,-0.07398,0.70217,0.20663,0.99745,0.02105,0.98214,0.02487,1,-0.13074,0.95663,0.07717,1,0.00191,0.90306,0.30804,1,-0.14541,1,-0.00394,0.75638,0.07908,1,-0.1875,1,-0.0574,"0"
1,0,1,0.09091,0.95455,-0.09091,0.77273,0,1,0,0.95455,0,1,0.04545,0.90909,-0.04545,1,0,1,0,0.86364,0.09091,0.77273,0.09091,0.90909,0.04545,0.91541,0.02897,0.95455,0.09091,0.86364,-0.09091,0.86364,0.04545,"0"
1,0,0.91176,-0.08824,0.97059,0.17647,0.82353,0.08824,0.91176,-0.02941,0.97059,-0.17647,0.97059,0.14706,0.94118,0.02941,1,0,1,0,0.76471,0.11765,0.88235,0.02941,0.85294,0.02941,0.92663,0.026,0.94118,-0.11765,0.97059,0.05882,0.91176,0.05882,"0"
1,0,0.47368,-0.10526,0.83781,0.01756,0.83155,0.02615,0.68421,-0.05263,0.68421,0,0.79856,0.05028,0.78315,0.05756,0.84211,0.47368,1,0.05263,0.7255,0.07631,0.70301,0.08141,0.42105,0.21053,0.65419,0.08968,0.52632,-0.21053,0.6015,0.09534,0.57418,0.09719,"0"
1,0,1,0.45455,1,0.54545,0.81818,0.63636,1,-0.09091,1,0,0.81818,-0.45455,0.63636,0.27273,1,-0.63636,1,-0.27273,0.90909,-0.45455,1,0.0775,1,-0.09091,1,0.08867,1,0.36364,1,0.63636,0.72727,0.27273,"0"
1,0,0.45455,0.09091,0.63636,0.09091,0.27273,0.18182,0.63636,0,0.36364,-0.09091,0.45455,-0.09091,0.48612,-0.01343,0.63636,-0.18182,0.45455,0,0.36364,-0.09091,0.27273,0.18182,0.36364,-0.09091,0.34442,-0.01768,0.27273,0,0.36364,0,0.28985,-0.01832,"0"
1,0,1,0.14286,1,0.71429,1,0.71429,1,-0.14286,0.85714,-0.14286,1,0.02534,1,0,0.42857,-0.14286,1,0.03617,1,-0.28571,1,0,0.28571,-0.28571,1,0.04891,1,0.05182,1,0.57143,1,0,"0"
1,0,0.87032,0.46972,0.53945,0.82161,0.1038,0.95275,-0.38033,0.87916,-0.73939,0.58226,-0.92099,0.16731,-0.82417,-0.24942,-0.59383,-0.63342,-0.24012,-0.82881,0.18823,-0.78699,0.51557,-0.5743,0.69274,-0.24843,0.69097,0.10484,0.52798,0.39762,0.25974,0.56573,-0.06739,0.57552,"0"
1,0,0.92657,0.04174,0.89266,0.15766,0.86098,0.19791,0.83675,0.36526,0.80619,0.40198,0.76221,0.40552,0.66586,0.4836,0.60101,0.51752,0.53392,0.5218,0.48435,0.54212,0.42546,0.55684,0.3334,0.55274,0.26978,0.54214,0.22307,0.53448,0.14312,0.49124,0.11573,0.46571,"0"
1,0,0.93537,0.13645,0.93716,0.25359,0.85705,0.38779,0.79039,0.47127,0.72352,0.59942,0.6526,0.75,0.5083,0.73586,0.41629,0.82742,0.25539,0.85952,0.13712,0.85615,0.00494,0.88869,-0.07361,0.7978,-0.20995,0.78004,-0.33169,0.71454,-0.38532,0.64363,-0.47419,0.55835,"0"
1,0,0.80627,0.13069,0.73061,0.24323,0.64615,0.19038,0.36923,0.45577,0.44793,0.46439,0.25,0.57308,0.25192,0.37115,0.15215,0.51877,-0.09808,0.575,-0.03462,0.42885,-0.08856,0.44424,-0.14943,0.40006,-0.1994,0.34976,-0.23832,0.29541,-0.26634,0.23896,-0.23846,0.31154,"0"
1,0,0.92308,0.15451,0.86399,0.29757,0.72582,0.3679,0.70588,0.5683,0.57449,0.62719,0.4327,0.74676,0.31705,0.67697,0.19128,0.76818,0.04686,0.76171,-0.12064,0.76969,-0.18479,0.71327,-0.29291,0.65708,-0.38798,0.58553,-0.46799,0.50131,-0.53146,0.40732,-0.56231,0.35095,"0"
1,0,0.88804,0.38138,0.65926,0.69431,0.29148,0.87892,-0.06726,0.90135,-0.39597,0.80441,-0.64574,0.56502,-0.8296,0.26906,-0.7894,-0.08205,-0.6278,-0.30942,-0.46637,-0.55605,-0.16449,-0.64338,0.09562,-0.61055,0.30406,-0.48392,0.43227,-0.29838,0.47029,-0.09461,0.42152,0.12556,"0"
1,0,0.73523,-0.38293,0.80151,0.10278,0.78826,0.15266,0.5558,0.05252,1,0.21225,0.71947,0.28954,0.68798,0.32925,0.49672,0.17287,0.64333,-0.02845,0.57399,0.42528,0.5312,0.44872,0.9453,0.57549,0.44174,0.482,0.12473,1,0.3507,0.49721,0.30588,0.49831,"0"
1,0,0.94649,0.00892,0.97287,-0.0026,0.98922,0.00372,0.95801,0.01598,0.94054,0.0353,0.97213,0.04719,0.98625,0.01858,0.94277,0.07135,0.98551,-0.00706,0.9777,0.0498,0.96358,0.07098,0.93274,0.08101,0.95243,0.04356,0.97473,0.00818,0.97845,0.07061,1,-0.0026,"0"
1,0,0.50466,-0.169,0.71442,0.01513,0.71063,0.02258,0.68065,0.01282,0.34615,0.05594,0.6905,0.04393,0.68101,0.05058,0.67023,0.05692,0.63403,-0.04662,0.64503,0.06856,0.63077,0.07381,0.84033,0.18065,0.59935,0.08304,0.38228,0.0676,0.56466,0.09046,0.54632,0.09346,"0"
1,0,0.76296,-0.07778,1,-0.2963,1,-0.85741,0.8,0.06111,0.45556,-0.42778,1,-0.12581,1,-0.83519,0.49259,0.01852,0.82222,-0.05926,0.98215,-0.19938,1,0.22037,0.6963,-0.26481,0.92148,-0.24549,0.78889,0.02037,0.87492,-0.27105,1,-0.57037,"0"
1,0,0.5754,-0.03175,0.75198,-0.05357,0.61508,-0.0119,0.53968,0.03373,0.61706,0.09921,0.59127,-0.02381,0.62698,0.0119,0.70833,0.02579,0.60317,0.01587,0.47817,-0.02778,0.59127,0.0377,0.5,0.03968,0.61291,-0.01237,0.61706,-0.13492,0.68849,-0.01389,0.625,-0.03175,"0"
1,0,0.61857,0.1085,0.70694,-0.06935,0.70358,0.01678,0.74273,0.00224,0.71029,0.15772,0.71588,-0.00224,0.79754,0.066,0.83669,-0.16555,0.6868,-0.0906,0.62528,-0.01342,0.60962,0.11745,0.71253,-0.09508,0.69845,-0.01673,0.63311,0.0481,0.78859,-0.05145,0.65213,-0.04698,"0"
1,0,0.88103,-0.00857,0.89818,-0.02465,0.94105,-0.01822,0.89175,-0.12755,0.82208,-0.10932,0.88853,0.01179,0.90782,-0.13719,0.87138,-0.06109,0.90782,-0.02358,0.87996,-0.14577,0.82851,-0.12433,0.90139,-0.19507,0.88245,-0.14903,0.84352,-0.12862,0.88424,-0.18542,0.91747,-0.16827,"0"
1,0,0.88853,0.01631,0.92007,0.01305,0.92442,0.01359,0.89179,-0.10223,0.90103,-0.08428,0.9304,-0.01033,0.93094,-0.08918,0.86025,-0.05057,0.89451,-0.04024,0.88418,-0.12126,0.88907,-0.11909,0.8298,-0.14138,0.86453,-0.11808,0.85536,-0.13051,0.83524,-0.12452,0.86786,-0.12235,"0"
1,0,0.81143,0.03714,0.85143,-0.00143,0.79,0.00714,0.79571,-0.04286,0.87571,0,0.85571,-0.06714,0.86429,0.00286,0.82857,-0.05429,0.81,-0.11857,0.76857,-0.08429,0.84286,-0.05,0.77,-0.06857,0.81598,-0.08669,0.82571,-0.10429,0.81429,-0.05,0.82143,-0.15143,"0"
1,0,0.4987,0.01818,0.43117,-0.0961,0.50649,-0.04156,0.5013,0.0961,0.44675,0.05974,0.55844,-0.11948,0.51688,-0.03636,0.52727,-0.05974,0.55325,-0.01039,0.48571,-0.03377,0.49091,-0.01039,0.59221,0,0.53215,-0.0328,0.43117,0.03377,0.54545,-0.05455,0.58961,-0.08571,"0"
1,0,0.88179,0.43491,0.59573,0.77655,0.19672,0.94537,-0.24103,0.92544,-0.62526,0.71257,-0.86443,0.33652,-0.92384,-0.05338,-0.77356,-0.44707,-0.4695,-0.73285,-0.10237,-0.82217,0.26384,-0.7757,0.55984,-0.5591,0.72147,-0.24433,0.72478,0.09599,0.58137,0.38915,0.34749,0.57656,"0"
1,0,0.83427,0.39121,0.5404,0.78579,0.12326,0.89402,-0.33221,0.83578,-0.70086,0.59564,-0.86622,0.21909,-0.84442,-0.24164,-0.59714,-0.61894,-0.19354,-0.87787,0.12439,-0.89064,0.51109,-0.72454,0.79143,-0.27734,0.83008,0.08718,0.66592,0.49079,0.37542,0.70011,-0.03983,0.79444,"0"
1,0,0.62335,-0.0349,0.59085,0.00481,0.60409,-0.07461,0.63177,0.00963,0.62455,-0.07461,0.67028,0.0722,0.62936,-0.08424,0.67509,0.09146,0.67148,0,0.58965,0.10108,0.5006,0.03129,0.65945,0.14079,0.60463,0.02019,0.51384,0.04452,0.61733,-0.00963,0.61372,-0.09146,"0"
1,0,0.74449,-0.0239,0.70772,0.03309,0.72243,0.16912,0.79228,0.07721,0.81434,0.43934,0.63787,0.00551,0.70772,0.21691,1,0.06066,0.61029,0.05147,0.67463,0.04228,0.52022,-0.25,0.72978,-0.15809,0.61727,0.07124,0.30882,0.0864,0.55916,0.07458,0.60294,0.21691,"0"
1,0,0.7983,0.09417,0.78129,0.20656,0.71628,0.28068,0.6932,0.41252,0.65917,0.50122,0.57898,0.60814,0.4921,0.58445,0.33354,0.67861,0.29587,0.63548,0.09599,0.68104,0.02066,0.72236,-0.08748,0.63183,-0.11925,0.60696,-0.18226,0.56015,-0.25516,0.51701,-0.27339,0.42467,"0"
1,0,1,0.09802,1,0.25101,0.9839,0.33044,0.80365,0.5302,0.74977,0.60297,0.56937,0.71942,0.55311,0.74079,0.29452,0.82193,0.21137,0.79777,0.09709,0.82162,-0.01734,0.7987,-0.15144,0.75596,-0.22839,0.69187,-0.31713,0.60948,-0.40291,0.54522,-0.42815,0.44534,"0"
1,0,0.8941,0.13425,0.87001,0.31543,0.78896,0.43388,0.63388,0.59975,0.54003,0.71016,0.39699,0.76161,0.24266,0.79523,0.09134,0.79598,-0.09159,0.76261,-0.20201,0.66926,-0.30263,0.6261,-0.40552,0.50489,-0.46215,0.40753,-0.50314,0.27252,-0.52823,0.19172,-0.48808,0.05972,"0"
1,0,0.94631,0.17498,0.90946,0.33143,0.85096,0.4996,0.73678,0.63842,0.59215,0.73838,0.48698,0.83614,0.30459,0.90665,0.17959,0.93429,-0.00701,0.93109,-0.1888,0.89383,-0.33023,0.82492,-0.46534,0.76482,-0.58563,0.66335,-0.67929,0.52564,-0.75321,0.42488,-0.8121,0.26092,"0"
1,0,0.91767,0.18198,0.8609,0.35543,0.72873,0.45747,0.60425,0.69865,0.50376,0.74922,0.361,0.81795,0.15664,0.83558,0.00396,0.8521,-0.1639,0.77853,-0.35996,0.76193,-0.43087,0.65385,-0.5314,0.53886,-0.60328,0.40972,-0.64511,0.27338,-0.6571,0.13667,-0.64056,0.05394,"0"
1,0,0.84843,0.06794,0.80562,-0.02299,0.77031,-0.03299,0.66725,-0.0662,0.59582,-0.07666,0.6726,-0.05771,0.6426,-0.06438,0.39199,0.0453,0.71254,0.01394,0.5597,-0.08039,0.5343,-0.08453,0.47038,-0.22822,0.48659,-0.09128,0.52613,-0.08537,0.44277,-0.09621,0.42223,-0.09808,"0"
1,0,0.47938,-0.12371,0.42784,-0.12371,0.70103,-0.39175,0.73196,0.07216,0.26289,-0.21649,0.49485,0.15979,0.45361,-0.11856,0.42268,0.06186,0.5,-0.2732,0.54639,0.18557,0.42268,0.08247,0.70619,0.19588,0.53396,-0.12447,0.15464,-0.26289,0.47423,0.04124,0.45361,-0.51546,"0"
1,0,0.6351,-0.04388,0.7653,0.02968,0.61432,0.36028,0.65358,-0.00462,0.64203,0.08314,0.79446,-0.43418,0.72517,0.54965,0.59584,0.13857,0.6351,0.2194,0.63279,-0.25404,0.70951,0.15359,0.64665,0.23095,0.68775,0.17704,0.61663,0.07621,0.66316,0.19841,0.69053,0.36721,"0"
1,0,0.71521,-0.00647,0.66667,-0.04207,0.63107,-0.05178,0.77994,0.08091,0.67314,0.09709,0.64725,0.15858,0.60194,-0.01942,0.54369,-0.04531,0.46926,-0.10032,0.64725,0.14887,0.39159,0.21683,0.52427,-0.05502,0.45105,4e-04,0.31392,-0.06796,0.49191,-0.1068,0.30421,-0.05178,"0"
1,0,0.68148,0.1037,0.77037,0.03457,0.65185,0.08148,0.60988,-0.00494,0.79012,0.11852,0.59753,0.04938,0.62469,0.0963,0.78272,-0.17531,0.73827,-0.10864,0.48642,0.00988,0.60988,0.08148,0.66667,-0.1284,0.63773,-0.02451,0.76543,0.02222,0.61235,-0.0716,0.51358,-0.04691,"0"
1,0,0.49515,0.09709,0.29612,0.05825,0.34951,0,0.57282,-0.02427,0.58252,0.02427,0.33495,0.04854,0.52427,0.00485,0.47087,-0.1068,0.43204,0.00485,0.34951,0.05825,0.18932,0.25728,0.31068,-0.15049,0.36547,0.03815,0.3932,0.17476,0.26214,0,0.37379,-0.01942,"0"
1,0,0.94331,0.19959,0.96132,0.40803,0.80514,0.56569,0.56687,0.7083,0.41836,0.8323,0.14939,0.89489,0.05167,0.93682,-0.24742,0.83939,-0.42811,0.75554,-0.50251,0.62563,-0.65515,0.50428,-0.68851,0.30912,-0.77097,0.15619,-0.75406,-0.04399,-0.75199,-0.17921,-0.66932,-0.34367,"0"
1,0,0.93972,0.28082,0.80486,0.52821,0.58167,0.73151,0.34961,0.80511,0.10797,0.90403,-0.20015,0.89335,-0.3973,0.82163,-0.58835,0.62867,-0.76305,0.40368,-0.81262,0.18888,-0.81317,-0.04284,-0.75273,-0.26883,-0.63237,-0.46438,-0.46422,-0.61446,-0.26389,-0.70835,-0.08937,-0.71273,"0"
1,0,0.89835,0.35157,0.67333,0.62233,0.43898,0.94353,-0.03643,0.8051,-0.22838,0.75334,-0.25137,0.48816,-0.57377,0.28415,-0.6675,0.10591,-0.47359,-0.06193,-0.81056,-0.06011,-0.33197,-0.47592,-0.12897,-0.5362,0.07158,-0.51925,0.24321,-0.43478,0.36586,-0.30057,0.42805,0.13297,"0"
1,0,0.29073,0.10025,0.23308,0.17293,0.03759,0.34336,0.1203,0.26316,0.06266,0.21303,-0.04725,0.12767,-0.06333,0.07907,-0.06328,0.04097,-0.05431,0.01408,-0.04166,-0.0028,-0.02876,-0.01176,-0.01755,-0.01505,-0.00886,-0.01475,-0.0028,-0.0125,0.00096,-0.00948,0.0029,-0.00647,"0"
1,0,0.58459,-0.35526,1,0.35338,0.75376,-0.00564,0.82519,0.19361,0.50188,-0.27632,0.65977,0.06391,0.69737,0.14662,0.72368,-0.42669,0.76128,0.04511,0.66917,0.20489,0.84774,-0.40977,0.6485,-0.04699,0.56836,-0.10571,0.5282,-0.13346,0.15602,-0.12218,0.44767,-0.10309,"0"
1,0,0.87111,0.04326,0.79946,0.18297,0.99009,0.29292,0.89455,-0.08337,0.88598,-0.02028,0.90446,-0.26724,0.8941,0.19964,0.88644,-0.04642,0.84452,-0.00991,0.97882,-0.34024,0.78954,-0.25101,0.86661,-0.09193,0.85967,-0.02908,0.78774,-0.04101,0.75935,0.21812,0.88238,0.09193,"0"
1,0,0.47337,0.19527,0.06213,-0.18343,0.62316,0.01006,0.45562,-0.04438,0.56509,0.01775,0.44675,0.27515,0.71598,-0.03846,0.55621,0.12426,0.4142,0.11538,0.52767,0.02842,0.51183,-0.10651,0.47929,-0.02367,0.46514,0.03259,0.5355,0.25148,0.31953,-0.14497,0.34615,-0.00296,"0"
1,0,0.84713,-0.03397,0.86412,-0.08493,0.81953,0,0.73673,-0.07643,0.71975,-0.13588,0.74947,-0.11677,0.77495,-0.18684,0.78132,-0.21231,0.61996,-0.10191,0.79193,-0.15711,0.89384,-0.03397,0.84926,-0.26115,0.74115,-0.23312,0.66242,-0.22293,0.72611,-0.37792,0.65817,-0.24841,"0"
1,0,0.87772,-0.08152,0.83424,0.07337,0.84783,0.04076,0.77174,-0.02174,0.77174,-0.05707,0.82337,-0.10598,0.67935,-0.00543,0.88043,-0.20924,0.83424,0.03261,0.86413,-0.05978,0.97283,-0.27989,0.85054,-0.1875,0.83705,-0.10211,0.8587,-0.03261,0.78533,-0.1087,0.79076,-0.00543,"0"
1,0,0.74704,-0.13241,0.53755,0.16996,0.72727,0.09486,0.69565,-0.11067,0.66798,-0.23518,0.87945,-0.1917,0.73715,0.0415,0.63043,-0.00395,0.63636,-0.11858,0.79249,-0.25296,0.66403,-0.28656,0.67194,-0.10474,0.61847,-0.12041,0.60079,-0.20949,0.37549,0.06917,0.61067,-0.01383,"0"
1,0,0.46785,0.11308,0.5898,0.00665,0.55432,0.06874,0.47894,-0.13969,0.52993,0.0133,0.63858,-0.16186,0.67849,-0.03326,0.54545,-0.13525,0.52993,-0.04656,0.47894,-0.19512,0.50776,-0.13525,0.41463,-0.20177,0.5393,-0.11455,0.59867,-0.02882,0.53659,-0.11752,0.56319,-0.04435,"0"
1,0,0.88116,0.27475,0.72125,0.42881,0.61559,0.63662,0.38825,0.90502,0.09831,0.96128,-0.20097,0.892,-0.35737,0.775,-0.65114,0.6221,-0.78768,0.45535,-0.81856,0.19095,-0.83943,-0.08079,-0.78334,-0.26356,-0.67557,-0.45511,-0.54732,-0.60858,-0.30512,-0.667,-0.19312,-0.75597,"0"
1,0,0.93147,0.29282,0.79917,0.55756,0.59952,0.71596,0.26203,0.92651,0.04636,0.96748,-0.23237,0.9513,-0.55926,0.81018,-0.73329,0.62385,-0.90995,0.362,-0.92254,0.0604,-0.93618,-0.19838,-0.83192,-0.46906,-0.65165,-0.69556,-0.41223,-0.85725,-0.1359,-0.93953,0.10007,-0.94823,"0"
1,0,0.83479,0.28993,0.69256,0.47702,0.49234,0.68381,0.21991,0.86761,-0.08096,0.85011,-0.35558,0.77681,-0.52735,0.58425,-0.7035,0.31291,-0.75821,0.03939,-0.71225,-0.15317,-0.58315,-0.39168,-0.37199,-0.52954,-0.1695,-0.60863,0.08425,-0.61488,0.25164,-0.48468,0.40591,-0.35339,"0"
1,0,0.9287,0.33164,0.76168,0.62349,0.49305,0.84266,0.21592,0.95193,-0.13956,0.96167,-0.47202,0.8359,-0.70747,0.6549,-0.87474,0.3675,-0.91814,0.05595,-0.89824,-0.26173,-0.73969,-0.54069,-0.50757,-0.74735,-0.22323,-0.86122,0.0781,-0.87159,0.36021,-0.78057,0.59407,-0.6027,"0"
1,0,0.83367,0.31456,0.65541,0.57671,0.34962,0.70677,0.17293,0.78947,-0.18976,0.79886,-0.41729,0.66541,-0.68421,0.47744,-0.74725,0.19492,-0.7218,-0.04887,-0.6203,-0.28195,-0.49165,-0.53463,-0.26577,-0.66014,-0.0153,-0.69706,0.22708,-0.64428,0.431,-0.51206,0.64662,-0.30075,"0"
1,0,0.52542,-0.0339,0.94915,0.08475,0.52542,-0.16949,0.30508,-0.01695,0.50847,-0.13559,0.64407,0.28814,0.83051,-0.35593,0.54237,0.01695,0.55932,0.0339,0.59322,0.30508,0.86441,0.05085,0.40678,0.15254,0.67287,-0.00266,0.66102,-0.0339,0.83051,-0.15254,0.76271,-0.10169,"0"
1,0,0.51207,1,1,0.5381,0.71178,0.80833,0.45622,0.46427,0.33081,1,0.21249,1,-0.17416,1,-0.33081,0.98722,-0.61382,1,-0.52674,0.71699,-0.885,0.47894,-1,0.35175,-1,0.09569,-1,-0.16713,-1,-0.42226,-0.91903,-0.65557,"0"
1,0,0.75564,0.49638,0.8355,0.54301,0.54916,0.72063,0.35225,0.70792,0.13469,0.94749,-0.09818,0.93778,-0.37604,0.82223,-0.52742,0.71161,-0.68358,0.67989,-0.70163,0.24956,-0.79147,0.02995,-0.98988,-0.29099,-0.70352,-0.32792,-0.63312,-0.19185,-0.34131,-0.60454,-0.19609,-0.62956,"0"
1,0,0.93658,0.35107,0.75254,0.6564,0.45571,0.88576,0.15323,0.95776,-0.21775,0.96301,-0.56535,0.83397,-0.78751,0.58045,-0.93104,0.2602,-0.93641,-0.06418,-0.87028,-0.40949,-0.65079,-0.67464,-0.36799,-0.84951,-0.04578,-0.91221,0.2733,-0.85762,0.54827,-0.69613,0.74828,-0.44173,"0"
1,0,0.92436,0.36924,0.71976,0.6842,0.29303,0.94078,-0.11108,0.76527,-0.31605,0.92453,-0.66616,0.78766,-0.92145,0.42314,-0.94315,0.09585,-1,0.03191,-0.66431,-0.66278,-0.4601,-0.78174,-0.13486,-0.88082,0.19765,-0.85137,0.48904,-0.70247,0.69886,-0.46048,0.76066,-0.13194,"0"
1,0,1,0.16195,1,-0.05558,1,0.01373,1,-0.12352,1,-0.01511,1,-0.01731,1,-0.06374,1,-0.07157,1,0.059,1,-0.10108,1,-0.02685,1,-0.22978,1,-0.06823,1,0.08299,1,-0.14194,1,-0.07439,"0"
1,0,0.95559,-0.00155,0.86421,-0.13244,0.94982,-0.00461,0.82809,-0.51171,0.92441,0.10368,1,-0.14247,0.99264,-0.02542,0.95853,-0.15518,0.84013,0.61739,1,-0.16321,0.87492,-0.08495,0.85741,-0.01664,0.84132,-0.01769,0.82427,-0.01867,0.80634,-0.01957,0.78761,-0.02039,"0"
1,0,0.79378,0.29492,0.64064,0.52312,0.41319,0.68158,0.14177,0.83548,-0.16831,0.78772,-0.42911,0.72328,-0.57165,0.41471,-0.75436,0.16755,-0.69977,-0.09856,-0.57695,-0.23503,-0.40637,-0.38287,-0.17437,-0.5254,0.01523,-0.48707,0.1903,-0.38059,0.31008,-0.23199,0.34572,-0.08036,"0"
1,0,0.89589,0.39286,0.66129,0.71804,0.29521,0.90824,-0.04787,0.94415,-0.45725,0.84605,-0.7766,0.58511,-0.92819,0.25133,-0.92282,-0.15315,-0.76064,-0.48404,-0.50931,-0.76197,-0.14895,-0.88591,0.21581,-0.85703,0.53229,-0.68593,0.74846,-0.40656,0.83142,-0.07029,0.76862,0.27926,"0"
1,0,0.7479,0.0084,0.83312,0.01659,0.82638,0.02469,0.86555,0.01681,0.60504,0.05882,0.79093,0.04731,0.77441,0.05407,0.64706,0.19328,0.84034,0.04202,0.71285,0.07122,0.68895,0.07577,0.66387,0.08403,0.63728,0.08296,0.61345,0.01681,0.58187,0.08757,0.5533,0.08891,"0"
1,0,1,-0.01179,1,-0.00343,1,-0.01565,1,-0.01565,1,-0.02809,1,-0.02187,0.99828,-0.03087,0.99528,-0.03238,0.99314,-0.03452,1,-0.03881,1,-0.05039,1,-0.04931,0.99842,-0.05527,0.994,-0.06304,0.99057,-0.06497,0.98971,-0.06668,"0"
1,0,0.89505,-0.03168,0.87525,0.05545,0.89505,0.01386,0.92871,0.02772,0.91287,-0.0099,0.94059,-0.01584,0.91881,0.03366,0.93663,0,0.94257,0.01386,0.90495,0.00792,0.88713,-0.01782,0.89307,0.02376,0.89002,0.01611,0.88119,0.00198,0.87327,0.04158,0.86733,0.02376,"0"
1,0,0.90071,0.01773,1,-0.01773,0.90071,0.00709,0.84752,0.05674,1,0.03546,0.97872,0.01064,0.97518,0.03546,1,-0.03191,0.89716,-0.03191,0.8617,0.07801,1,0.0922,0.90071,0.0461,0.94305,0.03247,0.94681,0.02482,1,0.01064,0.93617,0.02128,"0"
1,0,0.39394,-0.24242,0.62655,0.0127,0.45455,0.09091,0.63636,0.09091,0.21212,-0.21212,0.57576,0.15152,0.39394,0,0.56156,0.04561,0.51515,0.0303,0.78788,0.18182,0.30303,-0.15152,0.48526,0.05929,0.46362,0.06142,0.33333,-0.0303,0.41856,0.0641,0.39394,0.24242,"0"
1,0,0.86689,0.3595,0.72014,0.66667,0.37201,0.83049,0.08646,0.85893,-0.24118,0.86121,-0.51763,0.67577,-0.68714,0.41524,-0.77019,0.09898,-0.69397,-0.13652,-0.49488,-0.42207,-0.32537,-0.57679,-0.02844,-0.59954,0.1536,-0.53127,0.32309,-0.37088,0.46189,-0.19681,0.40956,0.0182,"0"
1,0,0.90547,0.41113,0.65354,0.74761,0.29921,0.95905,-0.13342,0.9782,-0.52236,0.83263,-0.79657,0.55086,-0.96631,0.15192,-0.93001,-0.25554,-0.71863,-0.59379,-0.41546,-0.85205,-0.0225,-0.93788,0.36318,-0.85368,0.67538,-0.61959,0.85977,-0.28123,0.88654,0.098,0.75495,0.46301,"0"
1,0,1,0.51515,0.45455,0.33333,0.06061,0.36364,-0.32104,0.73062,-0.45455,0.48485,-0.57576,0,-0.57576,-0.12121,-0.33333,-0.48485,-0.09091,-0.84848,0.48485,-0.57576,0.57576,-0.42424,1,-0.39394,0.72961,0.12331,0.9697,0.57576,0.24242,0.36364,0.09091,0.33333,"0"
1,0,0.82624,0.08156,0.79078,-0.08156,0.90426,-0.01773,0.92908,0.01064,0.80142,0.08865,0.94681,-0.00709,0.94326,0,0.93262,0.20213,0.95035,-0.00709,0.91489,0.00709,0.80496,0.07092,0.91135,0.15957,0.89527,0.08165,0.7766,0.06738,0.92553,0.18085,0.92553,0,"0"
1,0,0.87578,0.03727,0.89951,0.00343,0.8921,0.0051,0.86335,0,0.95031,0.07453,0.87021,0.00994,0.86303,0.01151,0.83851,-0.06211,0.85714,0.02484,0.84182,0.01603,0.83486,0.01749,0.79503,-0.04348,0.82111,0.02033,0.81988,0.08696,0.80757,0.02308,0.80088,0.02441,"0"
1,0,1,0.01105,1,0.01105,1,0.0232,0.99448,-0.01436,0.99448,-0.00221,0.98343,0.0232,1,0.00884,0.97569,0.00773,0.97901,0.01657,0.98011,0.00663,0.98122,0.02099,0.97127,-0.00663,0.98033,0.016,0.97901,0.01547,0.98564,0.02099,0.98674,0.02762,"0"
1,0,1,-0.01342,1,0.01566,1,-0.00224,1,0.06264,0.97763,0.04474,0.95973,0.02908,1,0.06488,0.98881,0.03356,1,0.03579,0.99776,0.09396,0.95749,0.07383,1,0.10067,0.99989,0.08763,0.99105,0.08501,1,0.10067,1,0.10067,"0"
1,0,0.32789,0.11042,0.1597,0.29308,0.1402,0.74485,-0.25131,0.91993,-0.16503,0.26664,-0.63714,0.24865,-0.9765,-0.00337,-0.23227,-0.19909,-0.30522,-0.48886,-0.14426,-0.89991,0.09345,-0.28916,0.28307,-0.1856,0.39599,-0.11498,0.31005,0.05614,0.21443,0.2054,0.13376,0.26422,"0"
1,0,0.65845,0.43617,0.44681,0.74804,0.05319,0.85106,-0.32027,0.82139,-0.68253,0.52408,-0.84211,0.07111,-0.82811,-0.28723,-0.47032,-0.71725,-0.04759,-0.86002,0.23292,-0.76316,0.56663,-0.52128,0.743,-0.18645,0.74758,0.23713,0.45185,0.59071,0.20549,0.76764,-0.18533,0.74356,"0"
1,0,0.19466,0.05725,0.04198,0.25191,-0.10557,0.48866,-0.18321,-0.18321,-0.41985,0.06107,-0.4542,0.0916,-0.16412,-0.30534,-0.10305,-0.39695,0.18702,-0.17557,0.34012,-0.11953,0.28626,-0.16031,0.21645,0.24692,0.03913,0.31092,-0.03817,0.26336,-0.16794,0.16794,-0.30153,-0.33588,"0"
1,0,0.98002,0.00075,1,0,0.98982,-0.00075,0.94721,0.02394,0.977,0.0213,0.97888,0.03073,0.9917,0.02338,0.93929,0.05713,0.93552,0.05279,0.97738,0.05524,1,0.06241,0.94155,0.08107,0.96709,0.07255,0.95701,0.08088,0.9819,0.08126,0.97247,0.08616,"0"
1,0,0.82254,-0.07572,0.80462,0.00231,0.87514,-0.01214,0.86821,-0.07514,0.72832,-0.11734,0.84624,0.05029,0.83121,-0.07399,0.74798,0.06705,0.78324,0.06358,0.86763,-0.0237,0.78844,-0.06012,0.74451,-0.0237,0.76717,-0.02731,0.74046,-0.0763,0.70058,-0.0422,0.78439,0.01214,"0"
1,0,0.76046,0.01092,0.86335,0.00258,0.85821,0.00384,0.79988,0.02304,0.81504,0.12068,0.83096,0.00744,0.81815,0.00854,0.82777,-0.06974,0.76531,0.03881,0.76979,0.01148,0.75071,0.01232,0.77138,-0.00303,0.70886,0.01375,0.66161,0.00849,0.66298,0.01484,0.63887,0.01525,"0"
1,0,0.83508,0.08298,0.73739,-0.14706,0.84349,-0.05567,0.90441,-0.04622,0.89391,0.1313,0.81197,0.06723,0.79307,-0.08929,1,-0.02101,0.96639,0.06618,0.87605,0.01155,0.77521,0.06618,0.95378,-0.04202,0.83479,0.00123,1,0.12815,0.8666,-0.10714,0.90546,-0.04307,"0"
1,0,0.95113,0.00419,0.95183,-0.02723,0.93438,-0.0192,0.9459,0.01606,0.9651,0.03281,0.94171,0.0733,0.94625,-0.01326,0.97173,0.0014,0.94834,0.06038,0.9267,0.08412,0.93124,0.10087,0.9452,0.01361,0.93522,0.04925,0.93159,0.08168,0.94066,-0.00035,0.91483,0.04712,"0"
1,0,0.94701,-0.00034,0.93207,-0.03227,0.95177,-0.03431,0.95584,0.02446,0.94124,0.01766,0.92595,0.04688,0.93954,-0.01461,0.94837,0.02004,0.93784,0.01393,0.91406,0.07677,0.8947,0.06148,0.93988,0.03193,0.92489,0.02542,0.9212,0.02242,0.92459,0.00442,0.92697,-0.00577,"0"
1,0,0.90608,-0.01657,0.98122,-0.01989,0.95691,-0.03646,0.85746,0.0011,0.89724,-0.03315,0.89061,-0.01436,0.90608,-0.0453,0.91381,-0.00884,0.80773,-0.12928,0.88729,0.01215,0.92155,-0.0232,0.9105,-0.02099,0.89147,-0.0776,0.82983,-0.17238,0.96022,-0.03757,0.87403,-0.16243,"0"
