32.2150195328
-31.8440803176
-30.0897655421
-4.7616603880
-36.0793654363
63.6923777539
704.4669990913
-42.8014818825
1169.1423142139
-15.6850459204
42.3346501826
-44.0320121563
-11.1374082914
-43.8137277508
99.9122218902
-41.9292538997
-41.0366991457
135.5931199353
-17.8004715316
233.9560759169
-20.4374718617
-39.2247482217
-22.9598543703
-27.3842640500
11.3089377395
-28.2336109696
-41.6427793948
12.7996535852
-39.9326089789
-11.1217173205
-34.1237206762
-31.5935397624
55.8455403639
-38.3836228468
-44.8636743927
105.5627247816
-28.2182664749
-33.4877802769
91.6790742660
-16.6384622937
-40.7367872325
6.5969833602
-3.5081832683
-37.0904314908
77.9862164965
10.2846260102
-30.5153152249
20.1809778624
-32.2103532747
166.7077166551
122.5879515340
474.5659091991
118.0103489639
-27.4394141214
64.5469602613
49.6573907691
-36.4615538672
572.0285294249
109.7989269691
369.7231337102
115.5544943554
-37.0928241586
84.9460108519
-28.1622092900
38.1734020729
-25.1032676186
118.5953753444
-29.2601350470
-22.8666787898
-36.4166046670
-44.4441329583
-36.1718954817
-33.4466485050
-26.4425029826
-31.6515099824
-44.4627255396
-42.0681390524
-38.7423004280
-38.5856045625
-36.6156022005
-32.1576226052
-34.4260725314
-44.7624510151
-37.1802549769
-33.0838371552
-22.8596574611
-45.1987351239
-45.4293185084
-42.6150916006
-27.0895119375
-35.6999508253
-34.5122777531
-38.8642481511
-43.7893186003
-29.1840743307
3.1604785650
-44.5894279634
-42.7778804870
-45.7214457989
-35.4105850069
-29.4056541841
-32.0630634073
-12.1111800034
-42.8510258500
