-5.3821623500
-12.7814951537
1.0000359741
-16.2456153181
-13.2059830390
-16.7334111787
-19.1736293183
-12.8922024667
-7.3337014832
-9.1312710888
-19.6417618140
-9.3361507508
-16.8646927212
-19.4013616274
-17.5404457619
-4.3947216558
-18.6996697706
-18.6047553990
-14.3722393186
-17.9800397880
-18.6183884972
-19.1365459216
-7.7199786914
-8.1842602928
-19.9055320770
-5.9802147673
64.8243132578
54.9524132476
-15.4299495851
-14.2706086217
-17.7120252308
-15.5612569340
-14.9776576134
-18.0122914624
-13.8587355176
-12.7308599677
-11.0077509642
-10.4714252589
-7.1464022909
-14.5059745372
-14.7725893863
-18.9267880059
-20.8273707084
-18.7030817976
-17.8245859615
-16.5283657715
9.1057997764
55.2775915343
-7.8880374841
1.0372714739
-1.5535975612
-8.3248310058
-18.1560690173
-20.1817439727
-7.8133755138
-16.6820114830
-9.6458111427
-6.9908180098
