252.455	261.487	182.786	0.00185	7e-06	0.00092	0.00113	0.00276	0.01152	0.103	0.00614	0.0073	0.0086	0.01841	0.00432	26.805	0.610367	0.635204	-7.31951	0.200873	2.028612	0.086398
198.383	215.203	193.104	0.00212	1e-05	0.00113	0.00135	0.00339	0.01263	0.111	0.0064	0.00825	0.00951	0.01919	0.00119	30.775	0.465946	0.738703	-7.067931	0.175181	1.512275	0.09632
198.764	396.961	74.904	0.0074	4e-05	0.0037	0.0039	0.01109	0.02296	0.241	0.01265	0.01321	0.01588	0.03794	0.07223	19.02	0.451221	0.643956	-6.744577	0.207454	2.138608	0.123306
129.336	139.867	118.604	0.0049	4e-05	0.00165	0.00183	0.00495	0.02498	0.228	0.01396	0.01219	0.01947	0.04188	0.00484	25.429	0.420383	0.785714	-6.836811	0.269866	2.223719	0.147491
113.715	116.443	96.913	0.00349	3e-05	0.00171	0.00203	0.00514	0.01472	0.133	0.00748	0.00905	0.01148	0.02245	0.00478	26.547	0.380253	0.7667	-5.943501	0.19215	1.852542	0.179677
119.992	157.302	74.997	0.00784	7e-05	0.0037	0.00554	0.01109	0.04374	0.426	0.02182	0.0313	0.02971	0.06545	0.02211	21.033	0.414783	0.815285	-4.813031	0.266482	2.301442	0.284654
122.4	148.65	113.819	0.00968	8e-05	0.00465	0.00696	0.01394	0.06134	0.626	0.03134	0.04518	0.04368	0.09403	0.01929	19.085	0.458359	0.819521	-4.075192	0.33559	2.486855	0.368674
116.682	131.111	111.555	0.0105	9e-05	0.00544	0.00781	0.01633	0.05233	0.482	0.02757	0.03858	0.0359	0.0827	0.01309	20.651	0.429895	0.825288	-4.443179	0.311173	2.342259	0.332634
120.552	131.162	113.787	0.00968	8e-05	0.00463	0.0075	0.01388	0.04701	0.456	0.02328	0.03526	0.03243	0.06985	0.01222	21.378	0.415564	0.825069	-4.242867	0.299111	2.18756	0.357775
107.332	113.84	104.315	0.0029	3e-05	0.00144	0.00182	0.00431	0.01567	0.134	0.00829	0.00946	0.01256	0.02487	0.00344	26.892	0.63742	0.763262	-6.167603	0.183721	2.064693	0.163755
88.333	112.24	84.072	0.00505	6e-05	0.00254	0.0033	0.00763	0.02143	0.197	0.01079	0.01342	0.01892	0.03237	0.01166	21.118	0.611137	0.776156	-5.24977	0.391002	2.407313	0.24974
91.904	115.871	86.292	0.0054	6e-05	0.00281	0.00336	0.00844	0.02752	0.249	0.01424	0.01641	0.02214	0.04272	0.01141	21.414	0.58339	0.79252	-4.960234	0.363566	2.642476	0.275931
139.173	179.139	76.556	0.0039	3e-05	0.00165	0.00208	0.00496	0.01642	0.154	0.00728	0.00932	0.01797	0.02184	0.01041	24.889	0.430166	0.665833	-5.660217	0.254989	2.519422	0.199889
142.167	217.455	83.159	0.00369	3e-05	0.00157	0.00203	0.00471	0.01503	0.126	0.00772	0.00888	0.01359	0.02316	0.00839	25.175	0.565924	0.658245	-5.340115	0.210185	2.205546	0.234589
144.188	349.259	82.764	0.00544	4e-05	0.00211	0.00292	0.00632	0.02047	0.192	0.00969	0.012	0.02074	0.02908	0.01859	22.333	0.56738	0.644692	-5.44004	0.239764	2.264501	0.218164
168.778	232.181	75.603	0.00718	4e-05	0.00284	0.00387	0.00853	0.03327	0.348	0.01441	0.01893	0.0343	0.04322	0.02919	20.376	0.631099	0.605417	-2.93107	0.434326	3.007463	0.430788
156.405	189.398	142.822	0.00768	5e-05	0.00372	0.00399	0.01116	0.03995	0.348	0.01721	0.02374	0.0431	0.05164	0.03365	17.153	0.649554	0.68608	-4.554466	0.340176	2.856676	0.322111
153.848	165.738	65.782	0.0084	5e-05	0.00428	0.0045	0.01285	0.0381	0.328	0.01667	0.02383	0.04055	0.05	0.03871	17.536	0.660125	0.704087	-4.095442	0.262564	2.73971	0.365391
153.88	172.86	78.128	0.0048	3e-05	0.00232	0.00267	0.00696	0.04137	0.37	0.02021	0.02591	0.04525	0.06062	0.01849	19.493	0.629017	0.698951	-5.18696	0.237622	2.557536	0.259765
167.93	193.221	79.068	0.00442	3e-05	0.0022	0.00247	0.00661	0.04351	0.377	0.02228	0.0254	0.04246	0.06685	0.0128	22.468	0.61906	0.679834	-4.330956	0.262384	2.916777	0.285695
173.917	192.735	86.18	0.00476	3e-05	0.00221	0.00258	0.00663	0.04192	0.364	0.02187	0.0247	0.03772	0.06562	0.0184	20.422	0.537264	0.686894	-5.248776	0.210279	2.547508	0.253556
163.656	200.841	76.779	0.00742	5e-05	0.0038	0.0039	0.0114	0.01659	0.164	0.00738	0.00948	0.01497	0.02214	0.01778	23.831	0.397937	0.732479	-5.557447	0.22089	2.692176	0.215961
104.4	206.002	77.968	0.00633	6e-05	0.00316	0.00375	0.00948	0.03767	0.381	0.01732	0.02245	0.0378	0.05197	0.02887	22.066	0.522746	0.737948	-5.571843	0.236853	2.846369	0.219514
171.041	208.313	75.501	0.00455	3e-05	0.0025	0.00234	0.0075	0.01966	0.186	0.00889	0.01169	0.01872	0.02666	0.01095	25.908	0.418622	0.720916	-6.18359	0.226278	2.589702	0.147403
146.845	208.701	81.737	0.00496	3e-05	0.0025	0.00275	0.00749	0.01919	0.198	0.00883	0.01144	0.01826	0.0265	0.01328	25.119	0.358773	0.726652	-6.27169	0.196102	2.314209	0.162999
162.568	198.346	77.63	0.00502	3e-05	0.0028	0.00253	0.00841	0.01791	0.168	0.00793	0.01057	0.01799	0.0238	0.0117	25.678	0.427785	0.723797	-6.635729	0.209866	1.957961	0.135242
176.17	185.604	163.564	0.00369	2e-05	0.00205	0.00218	0.00616	0.01851	0.168	0.00938	0.0116	0.01491	0.02814	0.0034	24.951	0.341435	0.783626	-6.006414	0.196371	2.536527	0.173218
180.198	201.249	175.456	0.00284	2e-05	0.00153	0.00166	0.00459	0.01444	0.131	0.00726	0.00885	0.0119	0.02177	0.00231	26.738	0.403884	0.766209	-6.452058	0.212294	2.269398	0.141929
186.163	197.724	177.584	0.00298	2e-05	0.00165	0.00175	0.00496	0.01495	0.135	0.00774	0.00941	0.01233	0.02321	0.00231	26.822	0.32648	0.765623	-6.647379	0.201095	2.374073	0.130554
184.055	196.537	166.977	0.00258	1e-05	0.00134	0.00147	0.00403	0.01463	0.132	0.00742	0.00901	0.01234	0.02226	0.00257	26.453	0.306443	0.759203	-7.044105	0.063412	2.361532	0.11573
108.807	134.656	102.874	0.00761	7e-05	0.00349	0.00486	0.01046	0.02719	0.255	0.01483	0.01609	0.02067	0.0445	0.01036	21.028	0.536009	0.819032	-4.649573	0.205558	1.986899	0.3167
109.86	126.358	104.437	0.00874	8e-05	0.00398	0.00539	0.01193	0.03209	0.307	0.01789	0.01992	0.02454	0.05368	0.0118	20.767	0.558586	0.811843	-4.333543	0.221727	2.014606	0.344834
117.274	129.916	110.402	0.00752	6e-05	0.00299	0.00469	0.00898	0.02293	0.221	0.01189	0.01459	0.01948	0.03568	0.00681	22.817	0.530529	0.817756	-4.60826	0.290024	2.021591	0.314464
116.879	131.897	108.153	0.00788	7e-05	0.00334	0.00493	0.01003	0.02645	0.265	0.01394	0.01625	0.02137	0.04183	0.00786	22.603	0.540049	0.813432	-4.476755	0.262633	1.827012	0.326197
114.847	271.314	104.68	0.00867	8e-05	0.00373	0.0052	0.0112	0.03225	0.35	0.01805	0.01974	0.02519	0.05414	0.01143	21.66	0.547975	0.817396	-4.609161	0.221711	1.831691	0.316395
140.341	159.774	67.021	0.00817	6e-05	0.0043	0.0044	0.01289	0.03198	0.313	0.0183	0.0181	0.02428	0.0549	0.02183	19.56	0.460139	0.720908	-5.409423	0.22685	2.359973	0.226156
136.969	166.607	66.004	0.00923	7e-05	0.00507	0.00463	0.0152	0.03111	0.308	0.01638	0.01759	0.02603	0.04914	0.02659	19.979	0.498133	0.729067	-5.324574	0.20566	2.291558	0.226247
148.09	162.824	67.343	0.00762	5e-05	0.00467	0.00354	0.014	0.05428	0.497	0.03357	0.02494	0.03635	0.1007	0.02431	21.718	0.487407	0.727313	-6.261141	0.120956	2.137075	0.141958
142.729	162.408	65.476	0.00831	6e-05	0.00469	0.00419	0.01407	0.03485	0.365	0.01868	0.01906	0.02949	0.05605	0.02599	20.264	0.489345	0.730387	-5.720868	0.15883	2.277927	0.180828
136.358	176.595	65.75	0.00971	7e-05	0.00534	0.00478	0.01601	0.04978	0.483	0.02749	0.02466	0.03736	0.08247	0.03361	18.57	0.543299	0.733232	-5.207985	0.224852	2.642276	0.242981
110.793	128.101	107.316	0.00494	4e-05	0.0026	0.00283	0.0078	0.02442	0.216	0.01432	0.01325	0.01831	0.04295	0.00479	25.438	0.437031	0.815908	-5.31336	0.201861	2.225815	0.244512
110.707	122.611	105.007	0.00516	5e-05	0.00277	0.00289	0.00831	0.02215	0.206	0.01284	0.01219	0.01715	0.03851	0.00472	25.197	0.463514	0.807217	-5.477592	0.315074	1.862092	0.228624
112.876	148.826	106.981	0.005	4e-05	0.0027	0.00289	0.0081	0.03999	0.35	0.02413	0.02231	0.02704	0.07238	0.00905	23.37	0.489538	0.789977	-5.775966	0.341169	2.007923	0.193918
110.568	125.394	106.821	0.00462	4e-05	0.00226	0.0028	0.00677	0.02199	0.197	0.01284	0.01199	0.01636	0.03852	0.0042	25.82	0.429484	0.81634	-5.391029	0.250572	1.777901	0.232744
100.77	115.697	85.545	0.01038	1e-04	0.00622	0.00576	0.01865	0.03121	0.361	0.01773	0.01783	0.02139	0.0532	0.0222	19.2	0.594387	0.790117	-4.913885	0.265699	2.398422	0.277948
96.106	108.664	84.51	0.00694	7e-05	0.00389	0.00415	0.01168	0.04024	0.364	0.02266	0.02451	0.02876	0.06799	0.01823	19.055	0.544805	0.770466	-4.441519	0.155097	2.645959	0.327978
95.605	107.715	87.549	0.00702	7e-05	0.00428	0.00371	0.01283	0.03156	0.296	0.01792	0.01841	0.0219	0.05377	0.01825	19.659	0.576084	0.778747	-5.132032	0.210458	2.232576	0.260633
98.804	102.305	87.804	0.00432	4e-05	0.00247	0.00258	0.00742	0.02223	0.202	0.01277	0.01343	0.01552	0.03831	0.00882	22.244	0.576644	0.772416	-6.025367	0.078202	2.053601	0.177275
176.858	205.56	75.344	0.00747	4e-05	0.00418	0.0042	0.01254	0.04795	0.435	0.02679	0.03022	0.0351	0.08037	0.0547	13.893	0.556494	0.729586	-5.288912	0.343073	3.099301	0.242119
180.978	200.125	155.495	0.00406	2e-05	0.0022	0.00244	0.00659	0.03852	0.331	0.02107	0.02493	0.02877	0.06321	0.02782	16.176	0.583574	0.727747	-5.657899	0.315903	3.098256	0.200423
178.222	202.45	141.047	0.00321	2e-05	0.00163	0.00194	0.00488	0.03759	0.327	0.02073	0.02415	0.02784	0.06219	0.03151	15.924	0.598714	0.712199	-6.366916	0.335753	2.654271	0.144614
179.711	225.93	144.878	0.00709	4e-05	0.00391	0.00419	0.01172	0.04313	0.442	0.02297	0.02768	0.03455	0.06892	0.07223	11.866	0.590951	0.745526	-4.379411	0.375531	3.671155	0.332086
151.955	163.335	147.226	0.00419	3e-05	0.00224	0.00227	0.00672	0.07959	0.772	0.04421	0.04962	0.0569	0.13262	0.01658	19.664	0.501037	0.71436	-6.411497	0.207156	2.344876	0.13412
152.125	161.469	76.596	0.00382	3e-05	0.00191	0.00226	0.00574	0.05925	0.637	0.03341	0.03794	0.04398	0.10024	0.01211	20.969	0.447456	0.69779	-6.152551	0.17352	2.080121	0.160809
157.821	172.975	68.401	0.00358	2e-05	0.00196	0.00196	0.00587	0.03716	0.307	0.02062	0.02321	0.02764	0.06185	0.0085	22.219	0.50238	0.71217	-6.251425	0.188056	2.143851	0.160812
157.447	163.267	149.605	0.00369	2e-05	0.00201	0.00197	0.00602	0.03272	0.283	0.01813	0.01909	0.02571	0.05439	0.01018	21.693	0.447285	0.705658	-6.247076	0.180528	2.344348	0.164916
125.036	143.946	116.187	0.0128	1e-04	0.00743	0.00623	0.02228	0.03886	0.342	0.02135	0.02174	0.03088	0.06406	0.08151	15.338	0.629574	0.714485	-4.020042	0.265315	2.671825	0.340623
126.512	141.756	99.77	0.01936	0.00015	0.01159	0.0099	0.03476	0.06734	0.659	0.03611	0.03963	0.05783	0.10833	0.16744	12.435	0.638545	0.674953	-3.760348	0.242861	2.634633	0.378483
125.641	141.068	116.346	0.03316	0.00026	0.02144	0.01522	0.06433	0.09178	0.891	0.05358	0.04791	0.06196	0.16074	0.31482	8.867	0.671299	0.656846	-3.700544	0.260481	2.991063	0.370961
128.451	150.449	75.632	0.01551	0.00012	0.00905	0.00909	0.02716	0.0617	0.584	0.03223	0.03672	0.05174	0.09669	0.11843	15.06	0.639808	0.643327	-4.20273	0.310163	2.638279	0.356881
154.003	160.267	128.621	0.00183	1e-05	0.00076	0.001	0.00229	0.0103	0.094	0.00469	0.00582	0.00871	0.01406	0.00243	28.409	0.263654	0.691483	-7.111576	0.14478	2.065477	0.093193
149.689	160.368	133.608	0.00257	2e-05	0.00116	0.00134	0.00349	0.01346	0.126	0.0066	0.00818	0.01059	0.01979	0.00578	27.421	0.365488	0.719974	-6.997403	0.210279	1.994387	0.112878
155.078	163.736	144.148	0.00168	1e-05	0.00068	0.00092	0.00204	0.01064	0.097	0.00522	0.00632	0.00928	0.01567	0.00233	29.746	0.334171	0.67793	-6.981201	0.18455	2.129924	0.106802
151.884	157.765	133.751	0.00258	2e-05	0.00115	0.00122	0.00346	0.0145	0.137	0.00633	0.00788	0.01267	0.01898	0.00659	26.833	0.393563	0.700246	-6.600023	0.249172	2.499148	0.105306
193.03	208.9	80.297	0.00766	4e-05	0.0045	0.00389	0.01351	0.03044	0.275	0.01771	0.01815	0.02084	0.05312	0.00947	21.934	0.497554	0.740539	-5.845099	0.278679	2.608749	0.185668
200.714	223.982	89.686	0.00621	3e-05	0.00371	0.00337	0.01112	0.02286	0.207	0.01192	0.01439	0.01852	0.03576	0.00704	23.239	0.436084	0.727863	-5.25832	0.256454	2.550961	0.23252
208.519	220.315	199.02	0.00609	3e-05	0.00368	0.00339	0.01105	0.01761	0.155	0.00952	0.01058	0.01307	0.02855	0.0083	22.407	0.338097	0.712466	-6.471427	0.184378	2.502336	0.13639
204.664	221.3	189.621	0.00841	4e-05	0.00502	0.00485	0.01506	0.02378	0.21	0.01277	0.01483	0.01767	0.03831	0.01316	21.305	0.498877	0.722085	-4.876336	0.212054	2.376749	0.268144
210.141	232.706	185.258	0.00534	3e-05	0.00321	0.0028	0.00964	0.0168	0.149	0.00861	0.01017	0.01301	0.02583	0.0062	23.671	0.441097	0.722254	-5.96304	0.250283	2.489191	0.177807
206.327	226.355	92.02	0.00495	2e-05	0.00302	0.00246	0.00905	0.02105	0.209	0.01107	0.01284	0.01604	0.0332	0.01048	21.864	0.331508	0.715121	-6.729713	0.181701	2.938114	0.115515
151.872	492.892	69.085	0.00856	6e-05	0.00404	0.00385	0.01211	0.01843	0.235	0.00796	0.00832	0.01271	0.02389	0.06051	23.693	0.407701	0.662668	-4.673241	0.261549	2.702355	0.274407
178.285	442.824	82.063	0.00462	3e-05	0.00157	0.00194	0.00472	0.01279	0.129	0.00617	0.00744	0.01151	0.01851	0.00856	25.02	0.470422	0.655239	-4.913137	0.393056	2.816781	0.251972
217.116	233.481	93.978	0.00404	2e-05	0.00127	0.00128	0.00381	0.01299	0.124	0.00679	0.00631	0.01075	0.02038	0.00681	24.581	0.462516	0.58271	-5.517173	0.389295	2.925862	0.220657
128.94	479.697	88.251	0.00581	5e-05	0.00241	0.00314	0.00723	0.02008	0.221	0.00849	0.01117	0.01734	0.02548	0.0235	24.743	0.487756	0.68413	-6.186128	0.279933	2.68624	0.152428
138.19	203.522	83.34	0.00704	5e-05	0.00406	0.00398	0.01218	0.04479	0.441	0.02587	0.02567	0.0322	0.07761	0.01968	18.305	0.538016	0.74148	-5.418787	0.160267	2.090438	0.229892
182.018	197.173	79.187	0.00842	5e-05	0.00506	0.00449	0.01517	0.02503	0.231	0.01372	0.0158	0.01931	0.04115	0.01813	18.784	0.589956	0.732903	-5.44514	0.142466	2.174306	0.215558
156.239	195.107	79.82	0.00694	4e-05	0.00403	0.00395	0.01209	0.02343	0.224	0.01289	0.0142	0.0172	0.03867	0.0202	19.196	0.618663	0.728421	-5.944191	0.143359	1.929715	0.181988
145.174	198.109	80.637	0.00733	5e-05	0.00414	0.00422	0.01242	0.02362	0.233	0.01235	0.01495	0.01944	0.03706	0.01874	18.857	0.637518	0.735546	-5.594275	0.12795	1.765957	0.222716
138.145	197.238	81.114	0.00544	4e-05	0.00294	0.00327	0.00883	0.02791	0.246	0.01484	0.01805	0.02259	0.04451	0.01794	18.178	0.623209	0.738245	-5.540351	0.087165	1.821297	0.214075
166.888	198.966	79.512	0.00638	4e-05	0.00368	0.00351	0.01104	0.02857	0.257	0.01547	0.01859	0.02301	0.04641	0.01796	18.33	0.585169	0.736964	-5.825257	0.115697	1.996146	0.196535
120.289	128.143	100.209	0.00492	4e-05	0.00269	0.00238	0.00808	0.01412	0.125	0.00703	0.0082	0.01194	0.0211	0.0161	23.949	0.46716	0.724045	-6.135296	0.20363	2.539724	0.169923
120.256	125.306	104.773	0.00407	3e-05	0.00224	0.00205	0.00671	0.01516	0.138	0.00721	0.00815	0.0131	0.02164	0.01015	26.017	0.468621	0.735136	-6.112667	0.217013	2.527742	0.170633
119.056	125.213	86.795	0.00346	3e-05	0.00169	0.0017	0.00508	0.01201	0.106	0.00633	0.00701	0.00915	0.01898	0.00903	23.389	0.470972	0.721308	-5.436135	0.254909	2.51632	0.232209
118.747	123.723	109.836	0.00331	3e-05	0.00168	0.00171	0.00504	0.01043	0.099	0.0049	0.00621	0.00903	0.01471	0.00504	25.619	0.482296	0.723096	-6.448134	0.178713	2.034827	0.141422
110.453	127.611	105.554	0.00494	4e-05	0.00244	0.00315	0.00731	0.04128	0.379	0.02229	0.02592	0.03316	0.06688	0.02529	17.707	0.653427	0.706687	-5.333619	0.322044	2.631793	0.228319
113.4	133.344	107.816	0.00451	4e-05	0.00219	0.00283	0.00658	0.04879	0.431	0.02385	0.02973	0.0437	0.07154	0.02278	19.013	0.6479	0.708144	-4.378916	0.300067	2.445502	0.259451
113.166	130.27	100.673	0.00502	4e-05	0.00257	0.00312	0.00772	0.05279	0.476	0.02896	0.03347	0.04134	0.08689	0.0369	16.747	0.625362	0.708617	-4.654894	0.304107	2.672362	0.274387
112.239	126.609	104.095	0.00472	4e-05	0.00238	0.0029	0.00715	0.05643	0.517	0.0307	0.0353	0.04451	0.09211	0.02629	17.366	0.640945	0.701404	-5.634576	0.306014	2.419253	0.209191
116.15	131.731	109.815	0.00381	3e-05	0.00181	0.00232	0.00542	0.03026	0.267	0.01514	0.01812	0.0277	0.04543	0.01827	18.801	0.624811	0.696049	-5.866357	0.23307	2.445646	0.184985
208.083	253.792	91.802	0.00757	4e-05	0.00428	0.00428	0.01285	0.06725	0.571	0.04016	0.04003	0.04464	0.12047	0.04238	15.648	0.606344	0.665945	-5.410336	0.288917	2.665133	0.231723
198.458	219.29	148.691	0.00376	2e-05	0.00182	0.00215	0.00546	0.03527	0.297	0.02055	0.02076	0.0253	0.06165	0.01728	18.702	0.606273	0.661735	-5.585259	0.310746	2.465528	0.209863
202.805	231.508	86.232	0.0037	2e-05	0.00189	0.00211	0.00568	0.01997	0.18	0.01117	0.01177	0.01506	0.0335	0.0201	18.687	0.536102	0.632631	-5.898673	0.213353	2.470746	0.189032
183.52	216.814	161.34	0.01466	8e-05	0.00849	0.00819	0.02546	0.0605	0.618	0.02865	0.04101	0.06359	0.08595	0.06057	14.367	0.478024	0.768974	-4.276605	0.355736	3.142364	0.336085
188.62	216.302	165.982	0.01719	9e-05	0.00996	0.01027	0.02987	0.07118	0.722	0.03474	0.0458	0.06824	0.10422	0.08069	12.298	0.55287	0.764036	-3.377325	0.335357	3.274865	0.418646
202.632	565.74	177.258	0.01627	8e-05	0.00919	0.00963	0.02756	0.0717	0.833	0.03515	0.04265	0.0646	0.10546	0.07889	14.989	0.427627	0.775708	-4.892495	0.262281	2.910213	0.270173
192.818	224.429	168.793	0.03107	0.00016	0.018	0.01958	0.05401	0.11908	1.302	0.05647	0.0794	0.13778	0.16942	0.21713	8.441	0.625866	0.76832	-2.434031	0.450493	3.079221	0.527367
198.116	233.099	174.478	0.02714	0.00014	0.01568	0.01699	0.04705	0.08684	1.018	0.04284	0.05556	0.08318	0.12851	0.16265	9.449	0.584164	0.754449	-2.839756	0.356224	3.184027	0.454721
121.345	139.644	98.25	0.00684	6e-05	0.00388	0.00332	0.01164	0.02534	0.241	0.0134	0.01399	0.02056	0.04019	0.04179	21.52	0.566867	0.670475	-4.865194	0.246404	2.01353	0.168581
122.336	142.369	94.794	0.00727	6e-05	0.00415	0.00339	0.01246	0.02293	0.223	0.01205	0.01289	0.01771	0.03615	0.03191	22.953	0.611679	0.623731	-5.4351	0.230532	2.699645	0.220546
127.93	138.752	112.173	0.00605	5e-05	0.00321	0.00318	0.00962	0.03235	0.339	0.0136	0.0165	0.03105	0.04079	0.02663	19.651	0.654945	0.675865	-5.498456	0.234196	2.103014	0.216638
114.238	124.393	77.022	0.00581	5e-05	0.00299	0.00316	0.00896	0.04009	0.406	0.01579	0.01994	0.04114	0.04736	0.02073	20.437	0.653139	0.694571	-5.185987	0.259229	2.151121	0.244948
115.322	135.738	107.802	0.00619	5e-05	0.00352	0.00329	0.01057	0.03273	0.325	0.01644	0.01722	0.02931	0.04933	0.0281	19.388	0.577802	0.684373	-5.283009	0.226528	2.442906	0.238281
112.15	131.669	97.527	0.00519	5e-05	0.00291	0.00284	0.00873	0.01756	0.155	0.00967	0.01033	0.01363	0.02902	0.01435	21.219	0.557045	0.673086	-5.617124	0.184896	1.871871	0.212386
148.79	158.359	138.99	0.00309	2e-05	0.00152	0.00186	0.00456	0.01574	0.142	0.00839	0.00956	0.01309	0.02518	0.00488	24.412	0.402591	0.762508	-6.311987	0.182459	2.251553	0.160306
148.143	155.982	135.041	0.00392	3e-05	0.00204	0.00231	0.00612	0.0145	0.131	0.00725	0.00876	0.01263	0.02175	0.0054	23.683	0.398499	0.778349	-5.711205	0.240875	2.845109	0.19273
150.44	163.441	144.736	0.00396	3e-05	0.00206	0.00233	0.00619	0.02551	0.237	0.01321	0.01574	0.02148	0.03964	0.00611	23.133	0.352396	0.75932	-6.261446	0.183218	2.264226	0.144105
148.462	161.078	141.998	0.00397	3e-05	0.00202	0.00235	0.00605	0.01831	0.163	0.0095	0.01103	0.01559	0.02849	0.00639	22.866	0.408598	0.768845	-5.704053	0.216204	2.679185	0.19771
149.818	163.417	144.786	0.00336	2e-05	0.00174	0.00198	0.00521	0.02145	0.198	0.01155	0.01341	0.01666	0.03464	0.00595	23.008	0.329577	0.75718	-6.27717	0.109397	2.209021	0.156368
