-1.9691398322
-0.7515031689
-0.4230000386
7.3994454695
-2.3944184859
-1.5666807130
-1.5573454307
2.9794331559
-2.2117525018
-2.9967395525
-0.9235421171
-1.2252153131
0.9748072299
0.8279032608
-0.6943473411
-2.3534658915
-1.4547669313
-2.3534658915
-2.3230866545
-1.7962921787
-2.2003347880
2.9827095235
-1.0055933859
4.1734352695
-1.5871476001
-1.9911902094
-0.8286277299
-2.2590798535
-1.9866804778
1.4526421769
-1.9714736595
-1.0359694181
-1.6576759638
-1.4527016925
-2.3534658915
-3.0965320802
2.5149481281
-2.5777601132
4.5455609537
-1.9041072152
-2.0513252384
-1.4792671094
67.0352494680
-1.2158201833
2.1418034620
-1.8765615896
-2.1748733156
18.2037879116
0.1369482263
3.0994441930
2.1638271127
7.5693682852
2.9856361674
10.0607679629
2.8455536969
0.8788502334
-2.5131754879
0.2950109075
-2.2347111213
6.1420602106
-1.0198335694
6.2451863236
6.9948532201
3.5542212444
54.6080793212
10.1636554629
13.6775527136
7.9432848345
0.7480266059
1.1077543870
1.6669746444
18.4166281402
14.1501773811
7.4844296218
9.2319951386
1.9039296366
6.3106758952
12.7493718655
32.6169964697
27.1037128505
7.5080209232
37.1032037066
18.8857702600
18.2925306454
12.0781833953
3.7375159883
-1.7773522690
12.9777339616
8.7343583395
2.5846217974
-2.6566009001
2.6759474403
44.9306152707
2.1100278056
10.6849539561
6.1488922908
2.8974425031
4.8967940394
3.8866913935
