6.0765858447
-0.1351595443
-3.5272001604
-3.1191749576
-4.1730439969
-0.5797900056
-4.0088851157
-2.5161210686
-2.5161210686
-2.9990952584
-2.7806416141
-2.8412600020
-2.9378413126
9.1182591318
-1.6782626537
6.0127511588
-0.0475752908
-2.1852490363
-1.6502443146
-0.2878190066
-1.3473791257
-2.2685268593
1.7522566255
0.3792304480
1.3498382439
-1.9132819901
-1.0359640929
0.6348367439
-2.2888478640
-3.4510591043
-0.8954927052
-0.2306267951
-3.1048196623
-1.9900167279
-3.8678758782
-1.3274795683
7.1777599506
5.8075064364
3.2807907634
-0.7595673771
1.1300225763
-2.1595805935
-3.2163709585
1.3037053684
-2.3318216477
0.0485792801
326.4171916106
-1.4561105341
-1.7817927042
6.4196271154
5.9513498935
5.4013535338
4.8507004014
-3.9168119793
-1.0153057683
2.0813551904
-2.9638792053
15.3395360992
-1.8172652425
0.6336401256
0.7293488700
-1.9071315954
-0.0568742871
-3.5327866444
-1.8483154541
-0.2218492579
-0.5538948148
-0.8169829068
-4.0548589740
-4.0553550716
-3.4655266797
-2.2864820729
8.8835592427
1.4827809376
6.9061011058
-1.7988313573
-2.7520852066
-4.5199833376
-1.8307791354
1.9990495275
-1.5565872054
1.2508056152
-4.2898376826
-0.1913968068
-4.0957071643
2.0025930803
-1.2380202962
-2.7858664706
0.2594326149
-0.9667381832
-4.0380581004
-3.0034350012
-2.6974721228
-1.3931171902
-3.2299635266
-0.4519114624
-3.1424389579
-2.6778433160
-1.4431286314
-1.5165129055
-2.4380186846
5.9542028626
-0.0861826973
0.2858862962
-4.7655145279
-2.1199338776
-3.0181983233
-4.0492101291
-4.2132554660
-1.7432835034
-2.4105360757
-2.9797236993
2.6942322877
1.5054084949
-2.2639928562
-4.3760591786
-2.4866813828
-1.5784733052
0.3681911101
-2.7145823290
-1.8333068168
2.2334913048
-2.2731463200
4.5538006899
5.7386427307
0.3338265750
-1.5858534432
-2.4749589906
-2.7798536666
0.8297156768
-3.3124843714
-1.2313080423
-2.2028330915
8.4695883206
-3.5123281494
-5.1336015946
-3.7632198558
-2.0534916194
2.1796679278
-2.8134045012
0.1654350251
3.0158648138
-4.2030874491
-0.0769147782
-0.8681101428
4.4895260846
-1.6409490376
-0.3712975247
-4.3692525729
8.8253858248
-2.9221055721
-2.3504002195
-1.9833283673
15.2492560616
2.6446622352
-0.4889095537
-4.2174323224
-1.3198858711
10.1890415344
1.2834067594
-2.6122991987
-2.5606729865
48.1245410416
10.1576194146
9.6325873705
-2.8713739732
-5.1597788314
8.1082334148
-1.8941974617
13.3931248079
-3.0323520530
-3.6267605264
-0.0117067813
