1	nominal	4,6,7,8,10,11,12,13,14,15,16,17,18,19,20,21,22,23,24,25,26,27,28,29,30,31,32,33,34,35,36,37,38,39,40,41,42,43,44,45,46,47,48,49,50,51,52,53,54,55,56,57,58,60,61,62,63,64,65,66,67,68,69,70,72,73,74,75,78,84,85,90
2	nominal	0,1
3	nominal	0,1
4	continuous	0.4,75
5	continuous	0.1,19.7
6	nominal	63,75,90,92,97,98,100,102,103,105,108,110,114,115,116,120,123,125,127,128,130,134,135,137,138,140,142,143,144,145,146,147,148,149,150,151,152,153,154,155,156,157,158,159,160,161,162,163,164,165,166,167,168,169,170,171,172,173,174,175,176,177,178,179,180,181,182,183,184,185,186,187,188,189,190,191,192,193,194,195,196,197,198,199,200,201,202,204,205,206,208,209,210,211,212,214,215,216,218,219,220,224,225,226,227,228,230,231,232,234,235,236,237,238,239,240,243,245,246,247,248,250,251,253,254,256,257,258,259,260,262,263,265,268,269,270,271,272,275,276,279,280,282,285,286,289,290,292,293,298,300,302,305,308,309,310,312,314,315,316,320,326,331,332,335,340,342,348,349,350,352,356,358,360,365,367,374,375,380,386,388,390,392,395,400,401,405,406,410,415,418,430,450,458,460,462,466,470,480,482,486,490,498,500,505,509,512,515,518,527,538,542,554,555,558,560,562,574,575,580,588,592,599,610,612,614,621,630,650,661,664,670,680,686,690,699,719,750,768,802,805,850,859,862,901,915,950,962,1020,1050,1100,1110,1124,1350,1420,1550,1580,1620,1630,1750,1896,2110
7	nominal	10,11,12,13,14,15,16,17,18,19,20,21,22,23,24,25,26,27,28,29,30,31,32,33,34,35,36,37,38,39,40,41,42,43,44,45,46,47,48,49,50,51,52,53,54,55,56,57,58,59,60,61,62,63,64,65,67,68,69,70,71,72,74,75,76,78,79,80,82,84,85,86,88,89,90,91,93,94,95,96,97,99,102,107,110,112,114,115,116,118,119,120,123,126,131,132,133,137,139,140,141,142,148,149,152,154,155,157,159,160,166,168,173,178,179,181,189,190,194,196,198,205,213,220,230,232,233,284,308,321,322,349,378,382,390,404,407,412,425,440,482,509,622,779,790,875,950,1250,1350,1630,1680,2000
8	nominal	10,11,12,13,14,15,16,17,18,19,20,21,22,23,24,25,26,27,28,29,30,31,32,33,34,35,36,37,38,39,40,41,42,43,44,45,46,47,48,49,50,51,52,53,54,55,56,57,58,59,60,61,62,63,64,65,66,67,68,70,71,72,73,74,75,76,77,78,79,80,81,82,83,84,85,86,87,88,89,90,91,92,95,97,98,99,100,101,102,103,104,105,108,110,111,113,114,116,125,126,127,130,134,135,138,139,140,141,142,143,145,148,149,150,152,155,156,161,168,176,178,180,181,185,186,187,188,190,200,202,220,221,230,231,232,233,235,236,245,247,248,250,275,285,298,330,348,350,367,368,384,397,400,401,405,406,441,497,500,511,540,562,576,602,623,630,731,794,844,850,950,960,1050,1500,1600,2946,4929
9	continuous	2.7,9.6
10	continuous	0.9,5.5
11	continuous	0.3,2.8
