65,0,1,1.4,0.6,260,28,24,5.2,2.2,0.7
38,1,0,2.6,1.2,410,59,57,5.6,3,0.8
48,1,0,0.8,0.2,218,32,28,5.2,2.5,0.9
56,0,1,1,0.3,195,22,28,5.8,2.6,0.8
36,0,1,0.9,0.1,486,25,34,5.9,2.8,0.9
45,0,1,0.7,0.2,180,18,58,6.7,3.7,1.2
65,0,1,0.7,0.2,265,30,28,5.2,1.8,0.52
72,0,1,0.7,0.2,185,16,22,7.3,3.7,1
85,1,0,1,0.3,208,17,15,7,3.6,1
58,0,1,0.8,0.2,180,32,25,8.2,4.4,1.1
38,0,1,1,0.3,216,21,24,7.3,4.4,1.5
84,1,0,0.7,0.2,188,13,21,6,3.2,1.1
24,1,0,0.9,0.2,195,40,35,7.4,4.1,1.2
24,1,0,0.7,0.2,188,11,10,5.5,2.3,0.71
62,0,1,7.3,4.1,490,60,68,7,3.3,0.89
58,0,1,1,0.4,182,14,20,6.8,3.4,1
46,0,1,1.8,0.7,208,19,14,7.6,4.4,1.3
55,0,1,0.7,0.2,290,53,58,6.8,3.4,1
72,0,1,2.7,1.3,260,31,56,7.4,3,0.6
74,1,0,1.1,0.4,214,22,30,8.1,4.1,1
61,0,1,0.7,0.2,145,53,41,5.8,2.7,0.87
40,1,0,0.9,0.3,293,232,245,6.8,3.1,0.8
40,1,0,0.9,0.3,293,232,245,6.8,3.1,0.8
51,0,1,2.9,1.3,482,22,34,7,2.4,0.5
62,0,1,6.8,3,542,116,66,6.4,3.1,0.9
40,0,1,1.9,1,231,16,55,4.3,1.6,0.6
34,0,1,4.1,2,289,875,731,5,2.7,1.1
57,0,1,4,1.9,190,45,111,5.2,1.5,0.4
30,0,1,1.3,0.4,482,102,80,6.9,3.3,0.9
46,1,0,14.2,7.8,374,38,77,4.3,2,0.8
48,0,1,1.4,0.6,263,38,66,5.8,2.2,0.61
47,0,1,2.7,1.3,275,123,73,6.2,3.3,1.1
50,0,1,2.6,1.2,415,407,576,6.4,3.2,1
40,0,1,1.1,0.3,230,1630,960,4.9,2.8,1.3
45,1,0,0.7,0.2,170,21,14,5.7,2.5,0.7
34,1,0,0.6,0.1,161,15,19,6.6,3.4,1
38,0,1,1.1,0.3,198,86,150,6.3,3.5,1.2
42,0,1,8.9,4.5,272,31,61,5.8,2,0.5
42,0,1,8.9,4.5,272,31,61,5.8,2,0.5
51,0,1,0.8,0.2,367,42,18,5.2,2,0.6
31,1,0,0.8,0.2,158,21,16,6,3,1
58,0,1,1,0.5,158,37,43,7.2,3.6,1
57,0,1,1.4,0.7,470,62,88,5.6,2.5,0.8
54,0,1,2.2,1.2,195,55,95,6,3.7,1.6
37,0,1,1.8,0.8,215,53,58,6.4,3.8,1.4
66,0,1,0.7,0.2,239,27,26,6.3,3.7,1.4
19,1,0,0.7,0.2,186,166,397,5.5,3,1.2
75,1,0,0.8,0.2,188,20,29,4.4,1.8,0.6
52,0,1,0.6,0.1,171,22,16,6.6,3.6,1.2
68,0,1,0.7,0.1,145,20,22,5.8,2.9,1
31,0,1,0.9,0.2,518,189,17,5.3,2.3,0.7
68,1,0,0.6,0.1,1620,95,127,4.6,2.1,0.8
58,1,0,2.8,1.3,670,48,79,4.7,1.6,0.5
29,0,1,1,0.3,75,25,26,5.1,2.9,1.3
33,0,1,2,1,258,194,152,5.4,3,1.25
32,0,1,0.6,0.1,237,45,31,7.5,4.3,1.34
58,0,1,0.8,0.2,298,33,59,6.2,3.1,1
18,0,1,0.6,0.2,538,33,34,7.5,3.2,0.7
60,0,1,4,1.9,238,119,350,7.1,3.3,0.8
60,0,1,6.8,3.2,308,404,794,6.8,3,0.7
60,0,1,8.6,4,298,412,850,7.4,3,0.6
60,0,1,5.8,2.7,204,220,400,7,3,0.7
60,0,1,5.2,2.4,168,126,202,6.8,2.9,0.7
75,0,1,0.9,0.2,282,25,23,4.4,2.2,1
39,0,1,3.8,1.5,298,102,630,7.1,3.3,0.8
39,0,1,6.6,3,215,190,950,4,1.7,0.7
17,0,1,0.9,0.2,224,36,45,6.9,4.2,1.55
63,0,1,0.5,0.1,170,21,28,5.5,2.5,0.8
48,0,1,3.2,1.6,257,33,116,5.7,2.2,0.62
74,0,1,0.6,0.1,272,24,98,5,2,0.6
48,0,1,0.7,0.1,1630,74,149,5.3,2,0.6
32,0,1,12.7,6.2,194,2000,2946,5.7,3.3,1.3
32,0,1,15.9,7,280,1350,1600,5.6,2.8,1
32,0,1,23,11.3,300,482,275,7.1,3.5,0.9
32,0,1,22.7,10.2,290,322,113,6.6,2.8,0.7
64,0,1,3,1.4,248,46,40,6.5,3.2,0.9
58,1,0,1.7,0.8,1896,61,83,8,3.9,0.95
66,0,1,11.3,5.6,1110,1250,4929,7,2.4,0.5
18,0,1,0.8,0.2,282,72,140,5.5,2.5,0.8
18,0,1,0.8,0.2,282,72,140,5.5,2.5,0.8
30,0,1,1.6,0.4,332,84,139,5.6,2.7,0.9
66,1,0,2.9,1.3,168,21,38,5.5,1.8,0.4
65,0,1,0.7,0.1,392,20,30,5.3,2.8,1.1
50,0,1,0.9,0.2,202,20,26,7.2,4.5,1.66
60,0,1,0.8,0.2,286,21,27,7.1,4,1.2
46,1,0,0.8,0.2,182,20,40,6,2.9,0.9
34,0,1,8.7,4,298,58,138,5.8,2.4,0.7
32,0,1,0.9,0.3,462,70,82,6.2,3.1,1
72,0,1,0.7,0.1,196,20,35,5.8,2,0.5
72,0,1,0.7,0.1,196,20,35,5.8,2,0.5
60,0,1,11,4.9,750,140,350,5.5,2.1,0.6
60,0,1,5.8,2.7,599,43,66,5.4,1.8,0.5
39,0,1,1.9,0.9,180,42,62,7.4,4.3,1.38
48,0,1,4.5,2.3,282,13,74,7,2.4,0.52
55,0,1,75,3.6,332,40,66,6.2,2.5,0.6
47,1,0,3,1.5,292,64,67,5.6,1.8,0.47
72,0,1,1.7,0.8,200,28,37,6.2,3,0.93
55,0,1,14.1,7.6,750,35,63,5,1.6,0.47
31,0,1,0.6,0.1,175,48,34,6,3.7,1.6
31,0,1,0.8,0.2,198,43,31,7.3,4,1.2
55,0,1,0.8,0.2,482,112,99,5.7,2.6,0.8
75,0,1,14.8,9,1020,71,42,5.3,2.2,0.7
75,0,1,10.6,5,562,37,29,5.1,1.8,0.5
75,0,1,8,4.6,386,30,25,5.5,1.8,0.48
75,0,1,2.8,1.3,250,23,29,2.7,0.9,0.5
75,0,1,2.9,1.3,218,33,37,3,1.5,1
40,0,1,0.6,0.1,171,20,17,5.4,2.5,0.8
64,0,1,1.1,0.4,201,18,19,6.9,4.1,1.4
60,0,1,3.2,1.8,750,79,145,7.8,3.2,0.69
60,0,1,2.1,1,191,114,247,4,1.6,0.6
60,0,1,1.9,0.8,614,42,38,4.5,1.8,0.6
60,0,1,6.3,3.2,314,118,114,6.6,3.7,1.27
60,0,1,5.8,3,257,107,104,6.6,3.5,1.12
49,0,1,0.6,0.1,218,50,53,5,2.4,0.9
45,0,1,2.5,1.2,163,28,22,7.6,4,1.1
40,0,1,3.6,1.8,285,50,60,7,2.9,0.7
70,1,0,0.9,0.3,220,53,95,6.1,2.8,0.68
28,0,1,0.8,0.3,190,20,14,4.1,2.4,1.4
42,0,1,2.7,1.3,219,60,180,7,3.2,0.8
38,0,1,1.7,1,180,18,34,7.2,3.6,1
37,0,1,0.8,0.2,125,41,39,6.4,3.4,1.1
37,0,1,0.8,0.2,147,27,46,5,2.5,1
70,0,1,1.7,0.5,400,56,44,5.7,3.1,1.1
26,0,1,0.6,0.2,120,45,51,7.9,4,1
26,0,1,1.3,0.4,173,38,62,8,4,1
68,1,0,0.7,0.2,186,18,15,6.4,3.8,1.4
46,0,1,0.6,0.2,290,26,21,6,3,1
61,0,1,0.8,0.1,282,85,231,8.5,4.3,1
33,0,1,2,1.4,2110,48,89,6.2,3,0.9
40,1,0,0.9,0.2,285,32,27,7.7,3.5,0.8
60,0,1,1.5,0.6,360,230,298,4.5,2,0.8
40,0,1,0.9,0.3,196,69,48,6.8,3.1,0.8
29,1,0,0.8,0.2,205,30,23,8.2,4.1,1
28,1,0,0.9,0.2,316,25,23,8.5,5.5,1.8
54,0,1,0.9,0.2,290,15,18,6.1,2.8,0.8
55,0,1,1.8,9,272,22,79,6.1,2.7,0.7
55,0,1,0.9,0.2,190,25,28,5.9,2.7,0.8
40,0,1,0.7,0.1,202,37,29,5,2.6,1
33,0,1,1.2,0.3,498,28,25,7,3,0.7
33,0,1,0.9,0.8,680,37,40,5.9,2.6,0.8
38,0,1,1.7,0.7,859,89,48,6,3,1
44,0,1,0.8,0.2,335,148,86,5.6,3,1.1
42,0,1,30.5,14.2,285,65,130,5.2,2.1,0.6
33,0,1,1.5,7,505,205,140,7.5,3.9,1
18,0,1,0.8,0.2,228,55,54,6.9,4,1.3
38,1,0,0.8,0.2,185,25,21,7,3,0.7
43,1,0,0.9,0.3,140,12,29,7.4,3.5,1.8
40,0,1,14.5,6.4,358,50,75,5.7,2.1,0.5
26,0,1,0.6,0.1,110,15,20,2.8,1.6,1.3
37,0,1,0.7,0.2,235,96,54,9.5,4.9,1
21,0,1,18.5,9.5,380,390,500,8.2,4.1,1
30,0,1,0.7,0.2,262,15,18,9.6,4.7,1.2
33,0,1,1.8,0.8,196,25,22,8,4,1
45,0,1,2.2,0.8,209,25,20,8,4,1
58,0,1,0.8,0.2,123,56,48,6,3,1
50,0,1,0.7,0.2,188,12,14,7,3.4,0.9
18,0,1,0.9,0.3,300,30,48,8,4,1
13,0,1,1.5,0.5,575,29,24,7.9,3.9,0.9
50,1,0,1,0.5,239,16,39,7.5,3.7,0.9
57,0,1,4.5,2.3,315,120,105,7,4,1.3
45,0,1,0.6,0.2,245,22,24,7.1,3.4,0.9
22,0,1,2.4,1,340,25,21,8.3,4.5,1.1
74,1,0,0.9,0.3,234,16,19,7.9,4,1
31,1,0,1.1,0.3,190,26,15,7.9,3.8,0.9
51,1,0,0.9,0.2,280,21,30,6.7,3.2,0.8
55,1,0,0.8,0.2,155,21,17,6.9,3.8,1.4
48,0,1,1.6,1,588,74,113,7.3,2.4,0.4
30,0,1,0.8,0.2,174,21,47,4.6,2.3,1
45,1,0,0.8,0.2,165,22,18,8.2,4.1,1
48,1,0,1.1,0.7,527,178,250,8,4.2,1.1
54,1,0,23.2,12.6,574,43,47,7.2,3.5,0.9
26,0,1,2,0.9,195,24,65,7.8,4.3,1.2
38,0,1,3.7,2.2,216,179,232,7.8,4.5,1.3
30,1,0,0.7,0.2,63,31,27,5.8,3.4,1.4
30,1,0,0.8,0.2,198,30,58,5.2,2.8,1.1
26,0,1,2,0.9,157,54,68,6.1,2.7,0.8
26,0,1,1.7,0.6,210,62,56,5.4,2.2,0.6
13,1,0,0.7,0.2,350,17,24,7.4,4,1.1
13,1,0,0.7,0.1,182,24,19,8.9,4.9,1.2
75,0,1,6.7,3.6,458,198,143,6.2,3.2,1
75,0,1,2.5,1.2,375,85,68,6.4,2.9,0.8
75,0,1,1.4,0.4,215,50,30,5.9,2.6,0.7
36,1,0,0.8,0.2,650,70,138,6.6,3.1,0.8
70,0,1,3.1,1.6,198,40,28,5.6,2,0.5
60,0,1,2.9,1.3,230,32,44,5.6,2,0.5
46,0,1,0.6,0.2,115,14,11,6.9,3.4,0.9
38,0,1,0.7,0.2,216,349,105,7,3.5,1
70,0,1,1.3,0.4,358,19,14,6.1,2.8,0.8
37,0,1,1.8,0.8,145,62,58,5.7,2.9,1
26,1,0,0.7,0.2,144,36,33,8.2,4.3,1.1
48,1,0,0.8,0.2,150,25,23,7.5,3.9,1
33,0,1,0.7,0.2,256,21,30,8.5,3.9,0.8
37,0,1,0.7,0.2,176,28,34,5.6,2.6,0.8
24,0,1,0.7,0.2,218,47,26,6.6,3.3,1
42,1,0,0.8,0.2,182,22,20,7.2,3.9,1.1
58,1,0,0.8,0.2,130,24,25,7,4,1.3
54,1,0,22.6,11.4,558,30,37,7.8,3.4,0.8
48,0,1,0.7,0.2,326,29,17,8.7,5.5,1.7
33,0,1,0.7,0.1,168,35,33,7,3.7,1.1
50,1,0,0.7,0.1,192,20,41,7.3,3.3,0.8
50,0,1,1.7,0.8,331,36,53,7.3,3.4,0.9
34,0,1,3.7,2.1,490,115,91,6.5,2.8,0.7
50,0,1,0.8,0.2,152,29,30,7.4,4.1,1.3
51,0,1,0.8,0.2,160,34,20,6.9,3.7,1.1
46,0,1,0.8,0.2,160,31,40,7.3,3.8,1.1
72,0,1,0.8,0.2,148,23,35,6,3,1
41,0,1,7.5,4.3,149,94,92,6.3,3.1,0.9
41,0,1,2.7,1.3,580,142,68,8,4,1
48,1,0,1,0.3,310,37,56,5.9,2.5,0.7
74,0,1,1,0.3,175,30,32,6.4,3.4,1.1
78,0,1,1,0.3,152,28,70,6.3,3.1,0.9
38,0,1,0.8,0.2,208,25,50,7.1,3.7,1
27,0,1,1,0.2,205,137,145,6,3,1
50,0,1,7.3,3.7,92,44,236,6.8,1.6,0.3
31,1,0,0.8,0.2,215,15,21,7.6,4,1.1
48,0,1,2.4,1.1,554,141,73,7.5,3.6,0.9
48,0,1,5,2.6,555,284,190,6.5,3.3,1
65,0,1,4.9,2.7,190,33,71,7.1,2.9,0.7
70,0,1,0.6,0.1,862,76,180,6.3,2.7,0.75
50,0,1,4.2,2.3,450,69,50,7,3,0.7
55,1,0,8.2,3.9,1350,52,65,6.7,2.9,0.7
55,1,0,10.9,5.1,1350,48,57,6.4,2.3,0.5
32,1,0,0.7,0.1,240,12,15,7,3,0.7
58,0,1,0.4,0.1,100,59,126,4.3,2.5,1.4
29,0,1,0.7,0.2,165,55,87,7.5,4.6,1.58
23,0,1,1,0.3,212,41,80,6.2,3.1,1
35,0,1,1.6,0.7,157,15,44,5.2,2.5,0.9
65,0,1,0.8,0.2,162,30,90,3.8,1.4,0.5
42,1,0,0.8,0.2,168,25,18,6.2,3.1,1
42,1,0,2.3,1.1,292,29,39,4.1,1.8,0.7
42,1,0,7.4,3.6,298,52,102,4.6,1.9,0.7
45,1,0,23.3,12.8,1550,425,511,7.7,3.5,0.8
48,1,0,0.8,0.2,142,26,25,6,2.6,0.7
48,1,0,0.9,0.2,173,26,27,6.2,3.1,1
35,0,1,0.8,0.2,279,20,25,7.2,3.2,0.8
58,0,1,0.9,0.2,1100,25,36,7.1,3.5,0.9
21,1,0,0.6,0.1,186,25,22,6.8,3.4,1
26,0,1,6.8,3.2,140,37,19,3.6,0.9,0.3
22,1,0,2.2,1,215,159,51,5.5,2.5,0.8
28,1,0,0.8,0.2,309,55,23,6.8,4.1,1.51
38,0,1,0.7,0.2,110,22,18,6.4,2.5,0.64
25,0,1,0.8,0.1,130,23,42,8,4,1
66,0,1,0.8,0.2,165,22,32,4.4,2,0.8
66,0,1,1.1,0.5,167,13,56,7.1,4.1,1.36
55,0,1,0.6,0.2,220,24,32,5.1,2.4,0.88
33,0,1,3.4,1.6,186,779,844,7.3,3.2,0.7
45,0,1,2.3,1.3,282,132,368,7.3,4,1.2
45,0,1,1.1,0.4,92,91,188,7.2,3.8,1.11
62,0,1,5,2.1,103,18,40,5,2.1,1.72
42,1,0,0.8,0.2,195,18,15,6.7,3,0.8
32,0,1,0.7,0.2,276,102,190,6,2.9,0.93
53,1,0,0.8,0.2,193,96,57,6.7,3.6,1.16
35,1,0,1,0.3,805,133,103,7.9,3.3,0.7
25,0,1,0.7,0.2,185,196,401,6.5,3.9,1.5
67,0,1,2.2,1.1,198,42,39,7.2,3,0.7
55,0,1,3.6,1.6,349,40,70,7.2,2.9,0.6
70,0,1,2.7,1.2,365,62,55,6,2.4,0.6
53,0,1,19.8,10.4,238,39,221,8.1,2.5,0.4
32,0,1,30.5,17.1,218,39,79,5.5,2.7,0.9
32,0,1,32.6,14.1,219,95,235,5.8,3.1,1.1
50,0,1,0.9,0.3,194,190,73,7.5,3.9,1
46,0,1,18.4,8.5,450,119,230,7.5,3.3,0.7
46,0,1,20,10,254,140,540,5.4,3,1.2
45,0,1,2.2,1.6,320,37,48,6.8,3.4,1
49,0,1,1,0.3,230,48,58,8.4,4.2,1
49,0,1,3.9,2.1,189,65,181,6.9,3,0.7
60,0,1,0.9,0.3,168,16,24,6.7,3,0.8
28,0,1,0.9,0.2,215,50,28,8,4,1
45,0,1,2.9,1.4,210,74,68,7.2,3.6,1
35,0,1,26.3,12.1,108,168,630,9.2,2,0.3
62,0,1,1.8,0.9,224,69,155,8.6,4,0.8
50,0,1,0.6,0.2,137,15,16,4.8,2.6,1.1
46,0,1,9.4,5.2,268,21,63,6.4,2.8,0.8
40,0,1,3.5,1.6,298,68,200,7.1,3.4,0.9
46,1,0,1.4,0.4,298,509,623,3.6,1,0.3
60,0,1,19.6,9.5,466,46,52,6.1,2,0.4
46,0,1,15.8,7.2,227,67,220,6.9,2.6,0.6
10,1,0,0.8,0.1,395,25,75,7.6,3.6,0.9
52,0,1,1.8,0.8,97,85,78,6.4,2.7,0.7
40,0,1,1.2,0.6,204,23,27,7.6,4,1.1
50,1,0,27.7,10.8,380,39,348,7.1,2.3,0.4
42,0,1,11.1,6.1,214,60,186,6.9,2.8,2.8
40,1,0,2.1,1,768,74,141,7.8,4.9,1.6
46,0,1,3.3,1.5,172,25,41,5.6,2.4,0.7
45,0,1,0.6,0.1,196,29,30,5.8,2.9,1
46,0,1,10.2,4.2,232,58,140,7,2.7,0.6
73,0,1,1.8,0.9,220,20,43,6.5,3,0.8
55,0,1,0.8,0.2,290,139,87,7,3,0.7
51,0,1,0.7,0.1,180,25,27,6.1,3.1,1
51,0,1,2.9,1.2,189,80,125,6.2,3.1,1
51,0,1,4,2.5,275,382,330,7.5,4,1.1
66,0,1,16.6,7.6,315,233,384,6.9,2,0.4
66,0,1,17.3,8.5,388,173,367,7.8,2.6,0.5
64,0,1,1.4,0.5,298,31,83,7.2,2.6,0.5
52,0,1,2.7,1.4,251,20,40,6,1.7,0.39
16,0,1,7.7,4.1,268,213,168,7.1,4,1.2
16,0,1,2.6,1.2,236,131,90,5.4,2.6,0.9
90,0,1,1.1,0.3,215,46,134,6.9,3,0.7
32,0,1,15.6,9.5,134,54,125,5.6,4,2.5
32,0,1,3.7,1.6,612,50,88,6.2,1.9,0.4
32,0,1,15,8.2,289,58,80,5.3,2.2,0.7
40,0,1,0.6,0.1,98,35,31,6,3.2,1.1
52,0,1,0.8,0.2,245,48,49,6.4,3.2,1
31,0,1,1.3,0.5,184,29,32,6.8,3.4,1
