"V1","V2","V3","V4","V5","V6","V7","V8"
12.8,13.47,0.886,5.16,3.126,4.873,4.914,"1"
10.59,12.41,0.8648,4.899,2.787,4.975,4.794,"1"
12.67,13.32,0.8977,4.984,3.135,2.3,4.745,"1"
11.83,13.23,0.8496,5.263,2.84,5.195,5.307,"1"
12.3,13.34,0.8684,5.243,2.974,5.637,5.063,"1"
15.26,14.84,0.871,5.763,3.312,2.221,5.22,"0"
14.88,14.57,0.8811,5.554,3.333,1.018,4.956,"0"
14.29,14.09,0.905,5.291,3.337,2.699,4.825,"0"
16.14,14.99,0.9034,5.658,3.562,1.355,5.175,"0"
14.38,14.21,0.8951,5.386,3.312,2.462,4.956,"0"
14.69,14.49,0.8799,5.563,3.259,3.586,5.219,"0"
14.11,14.1,0.8911,5.42,3.302,2.7,5,"0"
16.44,15.25,0.888,5.884,3.505,1.969,5.533,"0"
15.26,14.85,0.8696,5.714,3.242,4.543,5.314,"0"
14.03,14.16,0.8796,5.438,3.201,1.717,5.001,"0"
13.89,14.02,0.888,5.439,3.199,3.986,4.738,"0"
13.78,14.06,0.8759,5.479,3.156,3.136,4.872,"0"
13.74,14.05,0.8744,5.482,3.114,2.932,4.825,"0"
14.59,14.28,0.8993,5.351,3.333,4.185,4.781,"0"
13.99,13.83,0.9183,5.119,3.383,5.234,4.781,"0"
15.69,14.75,0.9058,5.527,3.514,1.599,5.046,"0"
14.16,14.4,0.8584,5.658,3.129,3.072,5.176,"0"
14.11,14.26,0.8722,5.52,3.168,2.688,5.219,"0"
15.88,14.9,0.8988,5.618,3.507,0.7651,5.091,"0"
12.08,13.23,0.8664,5.099,2.936,1.415,4.961,"0"
13.02,13.76,0.8641,5.395,3.026,3.373,4.825,"0"
12.74,13.67,0.8564,5.395,2.956,2.504,4.869,"0"
15.49,14.94,0.8724,5.757,3.371,3.412,5.228,"0"
14.09,14.41,0.8529,5.717,3.186,3.92,5.299,"0"
16.2,15.27,0.8734,5.826,3.464,2.823,5.527,"0"
17.08,15.38,0.9079,5.832,3.683,2.956,5.484,"0"
14.28,14.17,0.8944,5.397,3.298,6.685,5.001,"0"
13.54,13.85,0.8871,5.348,3.156,2.587,5.178,"0"
13.5,13.85,0.8852,5.351,3.158,2.249,5.176,"0"
13.16,13.55,0.9009,5.138,3.201,2.461,4.783,"0"
15.11,14.54,0.8986,5.579,3.462,3.128,5.18,"0"
13.8,14.04,0.8794,5.376,3.155,1.56,4.961,"0"
15.36,14.76,0.8861,5.701,3.393,1.367,5.132,"0"
14.79,14.52,0.8819,5.545,3.291,2.704,5.111,"0"
14.86,14.67,0.8676,5.678,3.258,2.129,5.351,"0"
14.43,14.4,0.8751,5.585,3.272,3.975,5.144,"0"
15.78,14.91,0.8923,5.674,3.434,5.593,5.136,"0"
14.49,14.61,0.8538,5.715,3.113,4.116,5.396,"0"
14.52,14.6,0.8557,5.741,3.113,1.481,5.487,"0"
15.03,14.77,0.8658,5.702,3.212,1.933,5.439,"0"
14.46,14.35,0.8818,5.388,3.377,2.802,5.044,"0"
14.92,14.43,0.9006,5.384,3.412,1.142,5.088,"0"
15.38,14.77,0.8857,5.662,3.419,1.999,5.222,"0"
12.11,13.47,0.8392,5.159,3.032,1.502,4.519,"0"
11.42,12.86,0.8683,5.008,2.85,2.7,4.607,"0"
11.23,12.63,0.884,4.902,2.879,2.269,4.703,"0"
12.36,13.19,0.8923,5.076,3.042,3.22,4.605,"0"
12.88,13.5,0.8879,5.139,3.119,2.352,4.607,"0"
14.34,14.37,0.8726,5.63,3.19,1.313,5.15,"0"
14.01,14.29,0.8625,5.609,3.158,2.217,5.132,"0"
12.73,13.75,0.8458,5.412,2.882,3.533,5.067,"0"
17.63,15.98,0.8673,6.191,3.561,4.076,6.06,"0"
17.26,15.73,0.8763,5.978,3.594,4.539,5.791,"0"
19.11,16.26,0.9081,6.154,3.93,2.936,6.079,"0"
16.82,15.51,0.8786,6.017,3.486,4.004,5.841,"0"
20.71,17.23,0.8763,6.579,3.814,4.451,6.451,"0"
18.72,16.19,0.8977,6.006,3.857,5.324,5.879,"0"
20.2,16.89,0.8894,6.285,3.864,5.173,6.187,"0"
19.57,16.74,0.8779,6.384,3.772,1.472,6.273,"0"
19.51,16.71,0.878,6.366,3.801,2.962,6.185,"0"
18.27,16.09,0.887,6.173,3.651,2.443,6.197,"0"
18.88,16.26,0.8969,6.084,3.764,1.649,6.109,"0"
18.98,16.66,0.859,6.549,3.67,3.691,6.498,"0"
20.88,17.05,0.9031,6.45,4.032,5.016,6.321,"0"
20.1,16.99,0.8746,6.581,3.785,1.955,6.449,"0"
18.81,16.29,0.8906,6.272,3.693,3.237,6.053,"0"
18.59,16.05,0.9066,6.037,3.86,6.001,5.877,"0"
18.36,16.52,0.8452,6.666,3.485,4.933,6.448,"0"
16.87,15.65,0.8648,6.139,3.463,3.696,5.967,"0"
19.31,16.59,0.8815,6.341,3.81,3.477,6.238,"0"
16.41,15.25,0.8866,5.718,3.525,4.217,5.618,"0"
19.46,16.5,0.8985,6.113,3.892,4.308,6.009,"0"
19.18,16.63,0.8717,6.369,3.681,3.357,6.229,"0"
18.83,16.29,0.8917,6.037,3.786,2.553,5.879,"0"
18.85,16.17,0.9056,6.152,3.806,2.843,6.2,"0"
17.63,15.86,0.88,6.033,3.573,3.747,5.929,"0"
18.45,16.12,0.8921,6.107,3.769,2.235,5.794,"0"
19.38,16.72,0.8716,6.303,3.791,3.678,5.965,"0"
19.14,16.61,0.8722,6.259,3.737,6.682,6.053,"0"
19.06,16.45,0.8854,6.416,3.719,2.248,6.163,"0"
18.96,16.2,0.9077,6.051,3.897,4.334,5.75,"0"
18.89,16.23,0.9008,6.227,3.769,3.639,5.966,"0"
20.03,16.9,0.8811,6.493,3.857,3.063,6.32,"0"
20.24,16.91,0.8897,6.315,3.962,5.901,6.188,"0"
18.14,16.12,0.8772,6.059,3.563,3.619,6.011,"0"
16.17,15.38,0.8588,5.762,3.387,4.286,5.703,"0"
18.43,15.97,0.9077,5.98,3.771,2.984,5.905,"0"
15.99,14.89,0.9064,5.363,3.582,3.336,5.144,"0"
18.65,16.41,0.8698,6.285,3.594,4.391,6.102,"0"
17.98,15.85,0.8993,5.979,3.687,2.257,5.919,"0"
17.55,15.66,0.8991,5.791,3.69,5.366,5.661,"0"
18.94,16.32,0.8942,6.144,3.825,2.908,5.949,"0"
16.16,15.33,0.8644,5.845,3.395,4.266,5.795,"0"
15.56,14.89,0.8823,5.776,3.408,4.972,5.847,"0"
15.38,14.66,0.899,5.477,3.465,3.6,5.439,"0"
17.36,15.76,0.8785,6.145,3.574,3.526,5.971,"0"
15.6,15.11,0.858,5.832,3.286,2.725,5.752,"0"
16.23,15.18,0.885,5.872,3.472,3.769,5.922,"0"
