0.3845276112
-6.3897885956
-7.0109625605
-6.8236319005
-7.0355277415
-7.0236577883
-7.0136843770
-6.6664985828
-6.9246874589
0.5104573414
-3.6650062665
0.1475307853
-6.3147682690
-7.0260901341
-7.0530795657
-4.4676249403
-6.5863850390
-6.3949054104
0.2659494808
-4.6651884514
-6.6664985828
-6.9122817017
-6.7866990884
-7.0109625605
-5.6575796825
-5.6755926743
-5.6947343786
-3.8625697775
-6.9246874589
-6.8406479207
-6.6370768053
10.3739453429
-7.0009891492
-6.8112261433
-6.8635378118
-3.5218615942
-7.0236577883
-6.8341160344
10.1997960050
-4.6524932236
-5.5462625512
-6.6319599905
-6.9246874589
-3.8625697775
-4.4330863480
-6.4934078510
-6.8341160344
-5.9740600856
-5.6400571104
-6.8236319005
-6.0227473341
-6.6342964561
-6.3096514541
-6.4705179600
-6.0456888148
-7.0260901341
-5.5985246647
0.1645468055
-6.3988027553
-6.7866990884
-6.6342964561
-6.3147682690
-6.2191070798
-6.5381654312
-6.8112261433
-7.0360635455
-5.9740600856
-6.9247464141
-6.5715735184
-6.8112261433
-6.0402699062
-6.7123147691
10.3280725434
10.0000595878
-6.8112261433
-6.2811825156
-6.6218906989
2.8336375055
-6.7123147691
-6.6370768053
-6.8112261433
3.7406291522
-6.8090782569
-6.5715735184
-6.6829496049
-6.6218906989
-6.6494825625
-6.6729761936
1.6232323672
-6.6513124764
-7.0236577883
-6.8635378118
-6.8341160344
-6.8341160344
-6.3147682690
-6.6370768053
-6.5229793248
-6.0354425619
-6.4705179600
-6.8112261433
-5.6451739253
3.4654242559
-5.6451739253
-5.6575796825
-6.3366116335
-5.6575796825
-5.6974360388
-5.5766813001
-5.9583745523
-5.9583745523
-6.2206842391
-6.6829496049
-6.6513124764
-6.2963686220
-4.1563273512
-6.6829496049
-6.6342964561
-6.6494825625
-6.6342964561
-5.9365311877
-7.0260901341
-7.0260901341
-7.0530795657
-6.8341160344
-6.2811825156
-6.9246874589
-6.8236319005
-4.3244802680
-6.8635378118
-6.8341160344
-6.6370768053
-6.6829496049
-5.3044657420
-5.6879984315
-6.8236319005
-6.4705179600
-6.8330695078
-7.0136843770
-6.0648643393
-5.9740600856
-6.4158187756
-5.2468367766
-6.8406479207
-6.4705179600
-6.6513124764
-6.4705179600
-6.0572859264
-6.7225094324
-6.8465217916
-6.8635378118
1.8417100478
-6.6342964561
-6.6829496049
-6.8236319005
-6.8112261433
-7.0360635455
-6.2811825156
-6.8133703275
-5.6575796825
3.7680427490
-7.0355277415
2.0472727060
-6.4158187756
-6.9122817017
-6.3271740262
-6.0478483191
-5.6745957028
-6.6829496049
-6.0648643393
-6.8330695078
-6.8236319005
-7.0455011528
1.6080462608
-6.9247464141
-6.3912243424
-7.0136843770
-6.8341160344
-6.3949054104
-6.6494825625
-6.9147730028
-6.8635378118
-6.8406479207
-6.9341250662
-6.4705179600
-6.4934078510
-6.5071728452
-6.6370768053
-6.4395132943
-7.0185409734
-6.8112261433
-7.0236577883
-6.9246874589
-6.8112261433
-6.9247464141
-5.6755926743
-5.5335673234
-6.8133703275
-6.4243271879
-6.2158568948
-5.5462625512
-6.4705179600
-6.4243271879
-6.3988027553
-5.6879984315
-6.6729761936
-5.6745957028
-7.0109625605
-6.0605003354
-6.1467164818
-6.2158568948
-6.8133703275
-5.0249683029
-6.8160534876
-6.6664985828
-7.0530795657
-6.6342964561
-6.6977021704
-4.6946102288
-7.0360635455
-7.0136843770
-7.0431061544
-6.8341160344
-6.9247464141
3.9676144408
-7.0236577883
-5.6755926743
-6.8559593989
-6.4705179600
-6.0478051077
-6.8465217916
-6.7123147691
-6.8995864739
-7.0236577883
-7.0260901341
-6.9020777750
-6.6729761936
-6.3737017703
-5.2643593486
-5.2643593486
-4.6775942086
-6.6996195414
-7.0455011528
-7.0009891492
-4.0854751451
-7.0355277415
-7.0236577883
-6.9417034791
-6.4705179600
-6.6370768053
-7.0431061544
