file,P0,P1,cost,sigma,nSV_0,nSV_1,TN,FN,FP,TP,Kappa,
blood_trans,0.5,16,0.1,0.5,11,325,130,4,269,16,0.97,
biodegrad,0.5,14,0.1,0.5,9,240,275,6,215,18,0.98,
breast,0.5,2,0.1,0.5,2,8,34,0,1,2,1,
ecoli,0.5,2,0.1,0.5,5,21,94,0,7,5,1,
fertility,0.5,4,0.1,0.5,3,24,50,0,12,3,1,
haberman,0.5,20,0.4,0.5,4,150,37,1,121,7,0.97,
liver,0.5,20,0.1,0.5,7,228,90,1,200,13,0.99,
ionosphere,0.5,20,0.1,2,4,115,52,1,106,7,0.98,
mammo,0.5,20,0.1,1.5,3,102,217,0,83,15,1,
parkinson,0.5,8,0.1,0.5,4,58,60,0,43,5,1,
seeds,0.5,4,0.1,0.5,5,34,81,0,17,5,1,
blood_trans,0.5,10,0.1,0.5,14,266,202,1,197,19,1,
biodegrad,0.5,12,0.1,0.5,8,191,315,4,175,20,0.99,
breast,0.5,4,0.1,0.5,2,9,29,0,6,2,1,
ecoli,0.5,4,0.1,0.5,4,31,90,0,11,5,1,
fertility,0.5,8,0.1,0.5,3,45,31,0,31,3,1,
haberman,0.5,12,0.1,0.5,7,158,0,0,158,8,NaN,
liver,0.5,8,0.1,0.5,10,156,218,2,72,12,0.99,
ionosphere,0.5,12,0.1,0.5,5,91,74,2,84,6,0.97,
mammo,0.5,14,0.1,0.5,6,137,217,1,83,14,1,
parkinson,0.5,10,0.1,0.5,3,51,59,0,44,5,1,
seeds,0.5,6,0.1,0.5,4,38,81,0,17,5,1,
blood_trans,0.5,20,0.1,0.5,10,368,159,2,240,18,0.99,
biodegrad,0.5,18,0.1,1,5,151,352,2,138,22,0.99,
breast,0.5,4,0.1,0.5,2,11,26,0,9,2,1,
ecoli,0.5,4,0.1,0.5,3,24,86,0,15,5,1,
fertility,0.5,10,0.1,0.5,3,56,17,0,45,3,1,
haberman,0.5,18,0.1,0.5,6,158,0,0,158,8,NaN,
liver,0.5,18,0.1,0.5,8,224,107,1,183,13,0.99,
ionosphere,0.5,10,0.1,0.5,4,74,93,2,65,6,0.98,
mammo,0.5,18,0.1,0.5,4,118,203,0,97,15,1,
parkinson,0.5,8,0.1,0.5,3,49,63,0,40,5,1,
seeds,0.5,6,0.1,0.5,4,37,78,0,20,5,1,
blood_trans,0.5,16,0.1,0.5,9,277,160,3,239,17,0.98,
biodegrad,0.5,20,0.1,1,7,255,249,5,241,19,0.98,
breast,0.5,2,0.1,0.5,2,8,32,0,3,2,1,
ecoli,0.5,4,0.1,0.5,4,30,91,0,10,5,1,
fertility,0.5,6,0.1,0.5,3,34,56,0,6,3,1,
haberman,0.5,20,0.1,0.5,6,158,0,0,158,8,NaN,
liver,0.5,18,0.1,0.5,7,219,114,1,176,13,0.99,
ionosphere,0.5,18,0.4,0.5,3,81,79,1,79,7,0.99,
mammo,0.5,10,0.1,0.5,6,119,212,1,88,14,1,
parkinson,0.5,6,0.1,0.5,5,49,66,0,37,5,1,
seeds,0.5,4,0.1,0.5,4,33,86,0,12,5,1,
blood_trans,0.5,20,0.1,0.5,11,386,67,0,332,20,1,
biodegrad,0.5,20,0.1,0.5,7,236,275,3,215,21,0.99,
breast,0.5,4,0.1,0.5,2,12,28,0,7,2,1,
ecoli,0.5,12,0.1,0.5,2,38,77,0,24,5,1,
fertility,0.5,8,0.1,0.5,2,33,41,0,21,3,1,
haberman,0.5,18,0.1,0.5,5,131,94,1,64,7,0.99,
liver,0.5,10,0.1,0.5,12,214,166,2,124,12,0.99,
ionosphere,0.5,16,0.7,0.5,4,123,42,1,116,7,0.98,
mammo,0.5,20,0.4,0.5,5,191,128,3,172,12,0.98,
parkinson,0.5,6,0.1,0.5,4,44,70,0,33,5,1,
seeds,0.5,4,0.1,0.5,4,33,84,0,14,5,1,
blood_trans,0.5,16,0.1,0.5,12,336,173,1,226,19,0.99,
biodegrad,0.5,20,0.1,0.5,7,239,266,5,224,19,0.98,
breast,0.5,4,0.1,0.5,2,13,27,0,8,2,1,
ecoli,0.5,14,0.1,0.5,2,49,62,0,39,5,1,
fertility,0.5,8,0.1,0.5,3,32,45,0,17,3,1,
haberman,0.5,10,0.1,0.5,6,111,116,1,42,7,0.99,
liver,0.5,10,0.1,0.5,12,229,118,0,172,14,1,
ionosphere,0.5,18,0.4,0.5,4,110,55,0,103,8,1,
mammo,0.5,20,0.1,1,4,79,232,0,68,15,1,
parkinson,0.5,6,0.1,0.5,4,48,67,0,36,5,1,
seeds,0.5,4,0.1,0.5,5,41,82,0,16,5,1,
blood_trans,0.5,18,0.4,0.5,8,269,178,2,221,18,0.99,
biodegrad,0.5,16,0.1,0.5,9,272,230,5,260,19,0.98,
breast,0.5,2,0.1,0.5,2,8,35,0,0,2,1,
ecoli,0.5,12,0.1,0.5,2,48,68,0,33,5,1,
fertility,0.5,6,0.1,0.5,3,38,39,0,23,3,1,
haberman,0.5,14,0.1,0.5,7,158,5,0,153,8,1,
liver,0.5,16,0.1,1.5,8,176,143,1,147,13,0.99,
ionosphere,0.5,12,0.1,0.5,4,96,77,3,81,5,0.96,
mammo,0.5,16,0.1,0.5,7,184,157,2,143,13,0.99,
parkinson,0.5,6,0.1,0.5,5,47,69,0,34,5,1,
seeds,0.5,4,0.1,0.5,4,32,83,0,15,5,1,
blood_trans,0.5,8,0.1,0.5,16,250,232,2,167,18,0.99,
biodegrad,0.5,14,0.1,0.5,7,193,331,4,159,20,0.99,
breast,0.5,6,0.1,0.5,1,12,24,0,11,2,1,
ecoli,0.5,16,0.1,0.5,2,63,47,0,54,5,1,
fertility,0.5,10,0.1,0.5,3,47,26,0,36,3,1,
haberman,0.5,20,0.4,3,3,117,54,0,104,8,1,
liver,0.5,16,0.1,0.5,8,232,97,2,193,12,0.98,
ionosphere,0.5,20,0.1,0.5,3,113,53,0,105,8,1,
mammo,0.5,8,0.1,0.5,9,121,219,1,81,14,1,
parkinson,0.5,12,0.1,0.5,3,70,53,0,50,5,1,
seeds,0.5,4,0.1,0.5,5,33,85,0,13,5,1,
blood_trans,0.5,20,0.7,1,7,280,136,2,263,18,0.99,
biodegrad,0.5,20,0.1,0.5,6,232,292,3,198,21,0.99,
breast,0.5,4,0.1,0.5,2,12,27,0,8,2,1,
ecoli,0.5,4,0.1,0.5,3,23,87,0,14,5,1,
fertility,0.5,10,0.1,0.5,3,45,33,0,29,3,1,
haberman,0.5,20,0.1,0.5,4,139,91,1,67,7,0.99,
liver,0.5,8,0.1,0.5,10,157,204,2,86,12,0.99,
ionosphere,0.5,8,0.1,0.5,4,61,118,2,40,6,0.98,
mammo,0.5,16,0.1,0.5,7,204,201,3,99,12,0.99,
parkinson,0.5,8,0.1,0.5,3,47,63,0,40,5,1,
seeds,0.5,4,0.1,0.5,4,32,82,0,16,5,1,
blood_trans,0.5,14,0.1,0.5,13,305,215,1,184,19,1,
biodegrad,0.5,20,0.1,0.5,6,209,315,4,175,20,0.99,
breast,0.5,4,0.1,0.5,2,13,24,0,11,2,1,
ecoli,0.5,10,0.1,0.5,3,46,68,0,33,5,1,
fertility,0.5,8,0.1,0.5,3,36,44,0,18,3,1,
haberman,0.5,14,0.1,0.5,7,158,0,0,158,8,NaN,
liver,0.5,18,0.1,0.5,6,204,131,0,159,14,1,
ionosphere,0.5,20,0.1,0.5,4,157,6,3,152,5,0.67,
mammo,0.5,14,1,0.5,5,132,182,2,118,13,0.99,
parkinson,0.5,6,0.1,0.5,4,44,70,0,33,5,1,
seeds,0.5,4,0.1,0.5,5,34,86,0,12,5,1,
