20.5036670729
29.1529101152
-3.6270525239
-3.2051760028
-5.0425563889
-4.6174827636
-4.9793962254
-5.1404164215
-5.1404164215
-4.8749974709
-4.8676687610
-3.9332664334
-4.0311264659
-2.6335459331
-4.6036153318
-3.5262327046
-4.8676687610
-4.3097847054
-4.6125597856
-4.5302667364
-4.9655287936
-2.0968097272
-4.7104198181
6.4113202229
-5.0425563889
-2.2397779074
-4.9308640755
-3.5938011527
-4.6036153318
-4.9655287936
-5.3049940742
-5.3049940742
-4.8676687610
-5.4028541068
-4.6174827636
-4.9655287936
-4.1736187284
