1496.73605444631,0.103847090493663,0.082379540694133,640.275950398248,11071.9977976663,17.2925404909861,108.286918640137,631.052482108045,1178.27427750897
2100,0.061959188445799,-0.045378560551853,390.482506744115,16640.7236193443,42.615797972863,125.900413513184,380.644703445992,2073.02868536356
196.856714178959,0.020071286397935,0.090757121103705,28.5931261346611,82.0588885291781,2.86988166815746,7.96878337860107,27.6615159531426,200.749336434656
245,0.189019157990986,0.081681408993335,62.9029550922835,1235.98335588986,19.6490507334127,42.1520156860352,46.6903554272282,292.376238446337
352.656446778247,0.121998514714404,0.090757121103705,68.5278463866746,1066.1578463393,15.5580235270113,43.6919250488281,52.7928166701967,382.73318653545
259.885145040755,0.07068583470577,0.006981317007977,58.2438072760283,465.087265038629,7.985179657547,17.5068378448486,56.3402407903479,267.51744602835
272,0.091455252804503,0.004886921905584,63.7893803121922,718.946310198033,11.2706269708129,20.0855560302734,60.6907291187748,286.920220323999
341.620013108249,0.091978851580101,0.07400196028456,85.043028555804,1370.83806782394,16.119346771904,29.0289688110352,79.9351968069822,385.133459842267
301.304399229084,0.109781209950443,0.035604716740684,64.6161999260858,942.773190633816,14.5903533744208,29.0456771850586,57.7200304354695,335.768458786601
155,0.172787595947439,0.118682389135614,38.9401684059518,415.111601023476,10.6602415453352,25.8365020751953,29.1343761789803,184.817040936767
144,0.120602251312808,0.046076692252651,19.6476695229356,70.4262388067353,3.58445762356313,18.1310138702393,7.56949311695308,160.37377029283
178,0.170867733770245,0.212930168743308,41.5421667584819,489.440520476331,11.7817764133932,35.7477951049805,21.1623933117683,215.905934171477
195,0.139102741383948,0.205250720034533,37.4621956231391,328.384051618994,8.76574493717508,35.0238265991211,13.2946502587342,232.587627673308
435.093166648053,0.07696902001295,0.161268422884276,123.597537588887,1342.27764758082,10.8600678764778,37.3847236633301,117.808037933162,433.202322143437
339.508547609578,0.045378560551853,0.030019663134303,88.6298094262246,331.080390437653,3.73554216782159,19.8255805969238,87.6211804353633,307.79319366316
481.467149332211,0.078539816339745,0.016057029118348,79.0591615564525,1154.33823855934,14.6009420772199,33.9291305541992,71.4084391920259,501.893357584368
172.515797253303,0.127234502470387,0.038397243543875,37.5436732244432,192.218147885445,5.1198545953756,19.3220806121826,32.1898208104931,174.933769953836
121,0.174183859349034,0.090757121103705,24.4371804081128,144.466513203215,5.91175048800861,22.0210800170898,10.5947082078457,141.766184893874
196.364864322707,0.182910505609006,0.142418866962737,54.5830802770298,843.262527485457,15.4491560975596,34.1494140625,42.5808653464641,239.94407278503
370.395724690931,0.10471975511966,0,115.923253115659,1308.12043044167,11.2843661239952,31.3670310974121,112.715101601012,365.977651261771
260.277521025484,0.079063415115343,0.032812189937493,58.8176114077378,277.259034285201,4.71387782756384,17.8686695098877,56.0376840227143,248.623412240774
310,0.174707458124632,0.165457213089062,98.5099614228755,2741.0320443757,27.8249225234108,49.3278617858887,85.270009837962,388.977808360343
274.99339586001,0.147131255943122,0.137531945057153,66.4579430417452,1217.41565100313,18.3185875951414,40.8496780395508,52.4210077296493,327.558638704083
281.323262907681,0.232303323440445,0.437728576400178,157.884181186736,5305.12320608109,33.6013599728937,46.384334564209,150.916891735852,398.895548842381
327,0.141022603561142,0.084473935796525,76.2128681277287,1664.67407612761,21.8424278868196,43.2216911315918,62.7717028566584,379.26183862496
470.516420136601,0.127409035395586,0.066322511575785,150.224022278261,2657.91036748851,17.6929783078584,47.5606307983398,142.496467975221,491.472488465138
223,0.124092909816797,0.079587013890942,33.0963349780813,197.012540529144,5.95269961642641,30.4548740386963,12.9563896613932,252.48334783646
152,0.165806278939461,0.227590934460061,34.2195504038597,94.3543279579637,2.75732225714226,31.2792778015137,13.8774777297444,180.609553318624
303,0.063355451847394,0.039793506945471,22.5678927047635,102.500308989672,4.54186442352399,21.8308410644531,5.72050062893356,321.646837362046
250,0.087091929674517,0.092851516206098,29.6375102856283,180.761243757504,6.09906979417087,26.1420974731445,13.9632632318614,280.12290642627
197,0.132645023151569,0.07400196028456,33.4606529676018,409.647141271444,12.2426523376003,26.9928073883057,19.7738131904017,231.783787614254
197,0.132645023151569,0.07400196028456,33.4606529676018,409.647141271444,12.2426523376003,26.9928073883057,19.7738131904017,231.783787614254
216.413257294186,0.117809724509617,0.068416906678178,53.599600020862,280.445486473487,5.23223095628199,22.7905349731445,48.5129740146471,215.372920069428
178,0.149574716895914,0.099134701513278,40.290620975688,474.404699299565,11.7745690637488,25.9208278656006,30.8454992657487,209.180737913068
391,0.058119464091411,0.011170107212764,35.7800613436385,265.149789632129,7.4105459765868,22.1314716339111,28.1142444881772,400.994817825575
176,0.089884456477708,0.076794487087751,20.5885241068022,79.7054245831398,3.87135202939612,18.2264919281006,9.57508785481926,191.992878511747
124.128728235411,0.131946891450771,0.108908545324446,20.5926329442563,78.3427938378093,3.80440879269208,18.4623985290527,9.12120561093182,134.892696982857
