file,nu,TN,FP,FN,TP,Recall,Neg_pred,Kappa,
blood_trans,0.01,8,3,163,50,0.94,0.73,0,
blood_trans,0.03,8,3,163,50,0.94,0.73,0,
blood_trans,0.05,11,4,160,49,0.92,0.73,-0.01,
blood_trans,0.07,14,6,157,47,0.89,0.7,-0.02,
blood_trans,0.09,25,7,146,46,0.87,0.78,0.01,
blood_trans,0.11,31,8,140,45,0.85,0.79,0.02,
blood_trans,0.13,30,7,141,46,0.87,0.81,0.02,
blood_trans,0.15,32,9,139,44,0.83,0.78,0.01,
blood_trans,0.17,39,10,132,43,0.81,0.8,0.02,
blood_trans,0.19,32,9,139,44,0.83,0.78,0.01,
blood_trans,0.01,14,5,157,48,0.91,0.74,-0.01,
blood_trans,0.03,14,5,157,48,0.91,0.74,-0.01,
blood_trans,0.05,25,7,146,46,0.87,0.78,0.01,
blood_trans,0.07,27,6,144,47,0.89,0.82,0.02,
blood_trans,0.09,27,7,144,46,0.87,0.79,0.01,
blood_trans,0.11,30,7,141,46,0.87,0.81,0.02,
blood_trans,0.13,31,9,140,44,0.83,0.78,0.01,
blood_trans,0.15,26,8,145,45,0.85,0.76,0,
blood_trans,0.17,29,11,142,42,0.79,0.73,-0.02,
blood_trans,0.19,29,13,142,40,0.75,0.69,-0.04,
blood_trans,0.01,23,5,148,48,0.91,0.82,0.02,
blood_trans,0.03,24,5,147,48,0.91,0.83,0.02,
blood_trans,0.05,19,5,152,48,0.91,0.79,0.01,
blood_trans,0.07,31,8,140,45,0.85,0.79,0.02,
blood_trans,0.09,25,7,146,46,0.87,0.78,0.01,
blood_trans,0.11,32,9,139,44,0.83,0.78,0.01,
blood_trans,0.13,41,13,130,40,0.75,0.76,0,
blood_trans,0.15,38,12,133,41,0.77,0.76,0,
blood_trans,0.17,31,13,140,40,0.75,0.7,-0.04,
blood_trans,0.19,46,16,125,37,0.7,0.74,-0.02,
blood_trans,0.01,17,4,154,49,0.92,0.81,0.01,
blood_trans,0.03,14,4,157,49,0.92,0.78,0,
blood_trans,0.05,32,8,139,45,0.85,0.8,0.02,
blood_trans,0.07,30,9,141,44,0.83,0.77,0,
blood_trans,0.09,25,9,146,44,0.83,0.74,-0.01,
blood_trans,0.11,35,9,136,44,0.83,0.8,0.02,
blood_trans,0.13,34,11,137,42,0.79,0.76,0,
blood_trans,0.15,31,10,140,43,0.81,0.76,0,
blood_trans,0.17,40,13,131,40,0.75,0.75,-0.01,
blood_trans,0.19,34,15,137,38,0.72,0.69,-0.05,
blood_trans,0.01,26,5,145,48,0.91,0.84,0.03,
blood_trans,0.03,25,5,146,48,0.91,0.83,0.03,
blood_trans,0.05,31,7,140,46,0.87,0.82,0.03,
blood_trans,0.07,31,10,140,43,0.81,0.76,0,
blood_trans,0.09,28,8,143,45,0.85,0.78,0.01,
blood_trans,0.11,47,10,124,43,0.81,0.82,0.05,
blood_trans,0.13,43,10,128,43,0.81,0.81,0.04,
blood_trans,0.15,40,12,131,41,0.77,0.77,0,
blood_trans,0.17,42,12,129,41,0.77,0.78,0.01,
blood_trans,0.19,43,18,128,35,0.66,0.7,-0.05,
blood_trans,0.01,36,8,135,45,0.85,0.82,0.03,
blood_trans,0.03,32,7,139,46,0.87,0.82,0.03,
blood_trans,0.05,33,9,138,44,0.83,0.79,0.01,
blood_trans,0.07,35,10,136,43,0.81,0.78,0.01,
blood_trans,0.09,35,9,136,44,0.83,0.8,0.02,
blood_trans,0.11,34,8,137,45,0.85,0.81,0.03,
blood_trans,0.13,36,11,135,42,0.79,0.77,0,
blood_trans,0.15,33,12,138,41,0.77,0.73,-0.02,
blood_trans,0.17,39,12,132,41,0.77,0.76,0,
blood_trans,0.19,39,13,132,40,0.75,0.75,-0.01,
blood_trans,0.01,27,6,144,47,0.89,0.82,0.02,
blood_trans,0.03,18,5,153,48,0.91,0.78,0.01,
blood_trans,0.05,36,9,135,44,0.83,0.8,0.02,
blood_trans,0.07,40,12,131,41,0.77,0.77,0,
blood_trans,0.09,36,11,135,42,0.79,0.77,0,
blood_trans,0.11,39,10,132,43,0.81,0.8,0.02,
blood_trans,0.13,35,11,136,42,0.79,0.76,0,
blood_trans,0.15,40,13,131,40,0.75,0.75,-0.01,
blood_trans,0.17,55,14,116,39,0.74,0.8,0.03,
blood_trans,0.19,49,15,122,38,0.72,0.77,0,
blood_trans,0.01,36,8,135,45,0.85,0.82,0.03,
blood_trans,0.03,31,8,140,45,0.85,0.79,0.02,
blood_trans,0.05,40,10,131,43,0.81,0.8,0.03,
blood_trans,0.07,47,11,124,42,0.79,0.81,0.04,
blood_trans,0.09,40,12,131,41,0.77,0.77,0,
blood_trans,0.11,43,11,128,42,0.79,0.8,0.02,
blood_trans,0.13,35,9,136,44,0.83,0.8,0.02,
blood_trans,0.15,52,13,119,40,0.75,0.8,0.03,
blood_trans,0.17,41,12,130,41,0.77,0.77,0.01,
blood_trans,0.19,51,14,120,39,0.74,0.78,0.02,
blood_trans,0.01,40,10,131,43,0.81,0.8,0.03,
blood_trans,0.03,25,10,146,43,0.81,0.71,-0.02,
blood_trans,0.05,35,9,136,44,0.83,0.8,0.02,
blood_trans,0.07,34,9,137,44,0.83,0.79,0.02,
blood_trans,0.09,33,10,138,43,0.81,0.77,0,
blood_trans,0.11,46,12,125,41,0.77,0.79,0.02,
blood_trans,0.13,44,11,127,42,0.79,0.8,0.03,
blood_trans,0.15,44,12,127,41,0.77,0.79,0.02,
blood_trans,0.17,41,13,130,40,0.75,0.76,0,
blood_trans,0.19,36,13,135,40,0.75,0.73,-0.02,
blood_trans,0.01,29,8,142,45,0.85,0.78,0.01,
blood_trans,0.03,28,9,143,44,0.83,0.76,0,
blood_trans,0.05,22,8,149,45,0.85,0.73,-0.01,
blood_trans,0.07,28,9,143,44,0.83,0.76,0,
blood_trans,0.09,41,12,130,41,0.77,0.77,0.01,
blood_trans,0.11,33,11,138,42,0.79,0.75,-0.01,
blood_trans,0.13,44,12,127,41,0.77,0.79,0.02,
blood_trans,0.15,39,10,132,43,0.81,0.8,0.02,
blood_trans,0.17,41,13,130,40,0.75,0.76,0,
blood_trans,0.19,41,15,130,38,0.72,0.73,-0.02,
blood_trans,0.01,42,11,129,42,0.79,0.79,0.02,
blood_trans,0.03,34,10,137,43,0.81,0.77,0.01,
blood_trans,0.05,33,11,138,42,0.79,0.75,-0.01,
blood_trans,0.07,37,11,134,42,0.79,0.77,0,
blood_trans,0.09,41,11,130,42,0.79,0.79,0.02,
blood_trans,0.11,34,11,137,42,0.79,0.76,0,
blood_trans,0.13,37,12,134,41,0.77,0.76,-0.01,
blood_trans,0.15,45,14,126,39,0.74,0.76,0,
blood_trans,0.17,54,16,117,37,0.7,0.77,0.01,
blood_trans,0.19,43,14,128,39,0.74,0.75,-0.01,
breast,0.01,2,16,12,1,0.06,0.11,-0.78,
breast,0.03,2,16,12,1,0.06,0.11,-0.78,
breast,0.05,2,16,12,1,0.06,0.11,-0.78,
breast,0.07,2,16,12,1,0.06,0.11,-0.78,
breast,0.09,2,16,12,1,0.06,0.11,-0.78,
breast,0.11,2,17,12,0,0,0.11,-0.83,
breast,0.13,2,17,12,0,0,0.11,-0.83,
breast,0.15,4,17,10,0,0,0.19,-0.68,
breast,0.17,4,17,10,0,0,0.19,-0.68,
breast,0.19,4,17,10,0,0,0.19,-0.68,
breast,0.01,3,17,11,0,0,0.15,-0.76,
breast,0.03,3,17,11,0,0,0.15,-0.76,
breast,0.05,3,17,11,0,0,0.15,-0.76,
breast,0.07,3,17,11,0,0,0.15,-0.76,
breast,0.09,3,17,11,0,0,0.15,-0.76,
breast,0.11,3,17,11,0,0,0.15,-0.76,
breast,0.13,3,17,11,0,0,0.15,-0.76,
breast,0.15,3,17,11,0,0,0.15,-0.76,
breast,0.17,4,17,10,0,0,0.19,-0.68,
breast,0.19,4,17,10,0,0,0.19,-0.68,
breast,0.01,3,17,11,0,0,0.15,-0.76,
breast,0.03,4,17,10,0,0,0.19,-0.68,
breast,0.05,3,17,11,0,0,0.15,-0.76,
breast,0.07,3,17,11,0,0,0.15,-0.76,
breast,0.09,4,17,10,0,0,0.19,-0.68,
breast,0.11,3,17,11,0,0,0.15,-0.76,
breast,0.13,3,17,11,0,0,0.15,-0.76,
breast,0.15,3,17,11,0,0,0.15,-0.76,
breast,0.17,5,17,9,0,0,0.23,-0.61,
breast,0.19,5,17,9,0,0,0.23,-0.61,
breast,0.01,4,17,10,0,0,0.19,-0.68,
breast,0.03,4,17,10,0,0,0.19,-0.68,
breast,0.05,4,17,10,0,0,0.19,-0.68,
breast,0.07,4,17,10,0,0,0.19,-0.68,
breast,0.09,4,17,10,0,0,0.19,-0.68,
breast,0.11,4,17,10,0,0,0.19,-0.68,
breast,0.13,4,17,10,0,0,0.19,-0.68,
breast,0.15,4,17,10,0,0,0.19,-0.68,
breast,0.17,5,17,9,0,0,0.23,-0.61,
breast,0.19,5,17,9,0,0,0.23,-0.61,
breast,0.01,5,17,9,0,0,0.23,-0.61,
breast,0.03,5,17,9,0,0,0.23,-0.61,
breast,0.05,5,17,9,0,0,0.23,-0.61,
breast,0.07,5,17,9,0,0,0.23,-0.61,
breast,0.09,5,17,9,0,0,0.23,-0.61,
breast,0.11,5,17,9,0,0,0.23,-0.61,
breast,0.13,5,17,9,0,0,0.23,-0.61,
breast,0.15,5,17,9,0,0,0.23,-0.61,
breast,0.17,5,17,9,0,0,0.23,-0.61,
breast,0.19,5,17,9,0,0,0.23,-0.61,
breast,0.01,5,17,9,0,0,0.23,-0.61,
breast,0.03,5,17,9,0,0,0.23,-0.61,
breast,0.05,5,17,9,0,0,0.23,-0.61,
breast,0.07,5,17,9,0,0,0.23,-0.61,
breast,0.09,5,17,9,0,0,0.23,-0.61,
breast,0.11,5,17,9,0,0,0.23,-0.61,
breast,0.13,5,17,9,0,0,0.23,-0.61,
breast,0.15,5,17,9,0,0,0.23,-0.61,
breast,0.17,5,17,9,0,0,0.23,-0.61,
breast,0.19,5,17,9,0,0,0.23,-0.61,
breast,0.01,5,17,9,0,0,0.23,-0.61,
breast,0.03,5,17,9,0,0,0.23,-0.61,
breast,0.05,5,17,9,0,0,0.23,-0.61,
breast,0.07,5,17,9,0,0,0.23,-0.61,
breast,0.09,5,17,9,0,0,0.23,-0.61,
breast,0.11,5,17,9,0,0,0.23,-0.61,
breast,0.13,5,17,9,0,0,0.23,-0.61,
breast,0.15,5,17,9,0,0,0.23,-0.61,
breast,0.17,5,17,9,0,0,0.23,-0.61,
breast,0.19,5,17,9,0,0,0.23,-0.61,
breast,0.01,5,17,9,0,0,0.23,-0.61,
breast,0.03,5,17,9,0,0,0.23,-0.61,
breast,0.05,5,17,9,0,0,0.23,-0.61,
breast,0.07,5,17,9,0,0,0.23,-0.61,
breast,0.09,5,17,9,0,0,0.23,-0.61,
breast,0.11,5,17,9,0,0,0.23,-0.61,
breast,0.13,5,17,9,0,0,0.23,-0.61,
breast,0.15,5,17,9,0,0,0.23,-0.61,
breast,0.17,5,17,9,0,0,0.23,-0.61,
breast,0.19,5,17,9,0,0,0.23,-0.61,
breast,0.01,5,17,9,0,0,0.23,-0.61,
breast,0.03,5,17,9,0,0,0.23,-0.61,
breast,0.05,5,17,9,0,0,0.23,-0.61,
breast,0.07,5,17,9,0,0,0.23,-0.61,
breast,0.09,5,17,9,0,0,0.23,-0.61,
breast,0.11,5,17,9,0,0,0.23,-0.61,
breast,0.13,5,17,9,0,0,0.23,-0.61,
breast,0.15,5,17,9,0,0,0.23,-0.61,
breast,0.17,5,17,9,0,0,0.23,-0.61,
breast,0.19,5,17,9,0,0,0.23,-0.61,
breast,0.01,5,17,9,0,0,0.23,-0.61,
breast,0.03,5,17,9,0,0,0.23,-0.61,
breast,0.05,5,17,9,0,0,0.23,-0.61,
breast,0.07,5,17,9,0,0,0.23,-0.61,
breast,0.09,5,17,9,0,0,0.23,-0.61,
breast,0.11,5,17,9,0,0,0.23,-0.61,
breast,0.13,5,17,9,0,0,0.23,-0.61,
breast,0.15,5,17,9,0,0,0.23,-0.61,
breast,0.17,5,17,9,0,0,0.23,-0.61,
breast,0.19,5,17,9,0,0,0.23,-0.61,
breast,0.01,5,17,9,0,0,0.23,-0.61,
breast,0.03,5,17,9,0,0,0.23,-0.61,
breast,0.05,5,17,9,0,0,0.23,-0.61,
breast,0.07,5,17,9,0,0,0.23,-0.61,
breast,0.09,5,17,9,0,0,0.23,-0.61,
breast,0.11,5,17,9,0,0,0.23,-0.61,
breast,0.13,5,17,9,0,0,0.23,-0.61,
breast,0.15,5,17,9,0,0,0.23,-0.61,
breast,0.17,5,17,9,0,0,0.23,-0.61,
breast,0.19,5,17,9,0,0,0.23,-0.61,
ecoli,0.01,6,45,36,12,0.21,0.12,-0.63,
ecoli,0.03,6,45,36,12,0.21,0.12,-0.63,
ecoli,0.05,6,45,36,12,0.21,0.12,-0.63,
ecoli,0.07,6,45,36,12,0.21,0.12,-0.63,
ecoli,0.09,6,45,36,12,0.21,0.12,-0.63,
ecoli,0.11,6,45,36,12,0.21,0.12,-0.63,
ecoli,0.13,6,49,36,8,0.14,0.11,-0.69,
ecoli,0.15,6,50,36,7,0.12,0.11,-0.7,
ecoli,0.17,6,50,36,7,0.12,0.11,-0.7,
ecoli,0.19,6,50,36,7,0.12,0.11,-0.7,
ecoli,0.01,6,46,36,11,0.19,0.12,-0.64,
ecoli,0.03,6,46,36,11,0.19,0.12,-0.64,
ecoli,0.05,6,46,36,11,0.19,0.12,-0.64,
ecoli,0.07,6,46,36,11,0.19,0.12,-0.64,
ecoli,0.09,6,46,36,11,0.19,0.12,-0.64,
ecoli,0.11,6,46,36,11,0.19,0.12,-0.64,
ecoli,0.13,6,46,36,11,0.19,0.12,-0.64,
ecoli,0.15,6,47,36,10,0.18,0.11,-0.66,
ecoli,0.17,6,51,36,6,0.11,0.11,-0.72,
ecoli,0.19,6,51,36,6,0.11,0.11,-0.72,
ecoli,0.01,6,48,36,9,0.16,0.11,-0.67,
ecoli,0.03,6,48,36,9,0.16,0.11,-0.67,
ecoli,0.05,6,48,36,9,0.16,0.11,-0.67,
ecoli,0.07,6,48,36,9,0.16,0.11,-0.67,
ecoli,0.09,6,48,36,9,0.16,0.11,-0.67,
ecoli,0.11,6,48,36,9,0.16,0.11,-0.67,
ecoli,0.13,6,48,36,9,0.16,0.11,-0.67,
ecoli,0.15,6,49,36,8,0.14,0.11,-0.69,
ecoli,0.17,7,50,35,7,0.12,0.12,-0.68,
ecoli,0.19,8,52,34,5,0.09,0.13,-0.68,
ecoli,0.01,8,51,34,6,0.11,0.14,-0.67,
ecoli,0.03,8,51,34,6,0.11,0.14,-0.67,
ecoli,0.05,8,51,34,6,0.11,0.14,-0.67,
ecoli,0.07,8,51,34,6,0.11,0.14,-0.67,
ecoli,0.09,8,51,34,6,0.11,0.14,-0.67,
ecoli,0.11,8,51,34,6,0.11,0.14,-0.67,
ecoli,0.13,8,51,34,6,0.11,0.14,-0.67,
ecoli,0.15,8,51,34,6,0.11,0.14,-0.67,
ecoli,0.17,8,52,34,5,0.09,0.13,-0.68,
ecoli,0.19,8,52,34,5,0.09,0.13,-0.68,
ecoli,0.01,9,52,33,5,0.09,0.15,-0.66,
ecoli,0.03,9,52,33,5,0.09,0.15,-0.66,
ecoli,0.05,9,52,33,5,0.09,0.15,-0.66,
ecoli,0.07,9,52,33,5,0.09,0.15,-0.66,
ecoli,0.09,9,52,33,5,0.09,0.15,-0.66,
ecoli,0.11,9,52,33,5,0.09,0.15,-0.66,
ecoli,0.13,9,52,33,5,0.09,0.15,-0.66,
ecoli,0.15,9,52,33,5,0.09,0.15,-0.66,
ecoli,0.17,9,52,33,5,0.09,0.15,-0.66,
ecoli,0.19,9,52,33,5,0.09,0.15,-0.66,
ecoli,0.01,10,52,32,5,0.09,0.16,-0.63,
ecoli,0.03,10,52,32,5,0.09,0.16,-0.63,
ecoli,0.05,10,52,32,5,0.09,0.16,-0.63,
ecoli,0.07,10,52,32,5,0.09,0.16,-0.63,
ecoli,0.09,10,52,32,5,0.09,0.16,-0.63,
ecoli,0.11,10,52,32,5,0.09,0.16,-0.63,
ecoli,0.13,10,52,32,5,0.09,0.16,-0.63,
ecoli,0.15,10,52,32,5,0.09,0.16,-0.63,
ecoli,0.17,10,52,32,5,0.09,0.16,-0.63,
ecoli,0.19,10,52,32,5,0.09,0.16,-0.63,
ecoli,0.01,12,52,30,5,0.09,0.19,-0.59,
ecoli,0.03,12,52,30,5,0.09,0.19,-0.59,
ecoli,0.05,12,52,30,5,0.09,0.19,-0.59,
ecoli,0.07,12,52,30,5,0.09,0.19,-0.59,
ecoli,0.09,12,52,30,5,0.09,0.19,-0.59,
ecoli,0.11,12,52,30,5,0.09,0.19,-0.59,
ecoli,0.13,12,52,30,5,0.09,0.19,-0.59,
ecoli,0.15,12,52,30,5,0.09,0.19,-0.59,
ecoli,0.17,12,52,30,5,0.09,0.19,-0.59,
ecoli,0.19,12,52,30,5,0.09,0.19,-0.59,
ecoli,0.01,14,53,28,4,0.07,0.21,-0.55,
ecoli,0.03,14,53,28,4,0.07,0.21,-0.55,
ecoli,0.05,14,53,28,4,0.07,0.21,-0.55,
ecoli,0.07,14,53,28,4,0.07,0.21,-0.55,
ecoli,0.09,14,53,28,4,0.07,0.21,-0.55,
ecoli,0.11,14,53,28,4,0.07,0.21,-0.55,
ecoli,0.13,14,53,28,4,0.07,0.21,-0.55,
ecoli,0.15,14,53,28,4,0.07,0.21,-0.55,
ecoli,0.17,14,53,28,4,0.07,0.21,-0.55,
ecoli,0.19,14,53,28,4,0.07,0.21,-0.55,
ecoli,0.01,14,53,28,4,0.07,0.21,-0.55,
ecoli,0.03,14,53,28,4,0.07,0.21,-0.55,
ecoli,0.05,14,53,28,4,0.07,0.21,-0.55,
ecoli,0.07,14,53,28,4,0.07,0.21,-0.55,
ecoli,0.09,14,53,28,4,0.07,0.21,-0.55,
ecoli,0.11,14,53,28,4,0.07,0.21,-0.55,
ecoli,0.13,14,53,28,4,0.07,0.21,-0.55,
ecoli,0.15,14,53,28,4,0.07,0.21,-0.55,
ecoli,0.17,14,53,28,4,0.07,0.21,-0.55,
ecoli,0.19,14,53,28,4,0.07,0.21,-0.55,
ecoli,0.01,16,54,26,3,0.05,0.23,-0.52,
ecoli,0.03,16,54,26,3,0.05,0.23,-0.52,
ecoli,0.05,16,54,26,3,0.05,0.23,-0.52,
ecoli,0.07,16,54,26,3,0.05,0.23,-0.52,
ecoli,0.09,16,54,26,3,0.05,0.23,-0.52,
ecoli,0.11,16,54,26,3,0.05,0.23,-0.52,
ecoli,0.13,16,54,26,3,0.05,0.23,-0.52,
ecoli,0.15,16,54,26,3,0.05,0.23,-0.52,
ecoli,0.17,16,54,26,3,0.05,0.23,-0.52,
ecoli,0.19,16,54,26,3,0.05,0.23,-0.52,
ecoli,0.01,20,55,22,2,0.04,0.27,-0.44,
ecoli,0.03,20,55,22,2,0.04,0.27,-0.44,
ecoli,0.05,20,55,22,2,0.04,0.27,-0.44,
ecoli,0.07,20,55,22,2,0.04,0.27,-0.44,
ecoli,0.09,20,55,22,2,0.04,0.27,-0.44,
ecoli,0.11,20,55,22,2,0.04,0.27,-0.44,
ecoli,0.13,20,55,22,2,0.04,0.27,-0.44,
ecoli,0.15,20,55,22,2,0.04,0.27,-0.44,
ecoli,0.17,20,55,22,2,0.04,0.27,-0.44,
ecoli,0.19,20,55,22,2,0.04,0.27,-0.44,
fertility,0.01,23,3,3,0,0,0.88,-0.12,
fertility,0.03,22,3,4,0,0,0.88,-0.13,
fertility,0.05,22,3,4,0,0,0.88,-0.13,
fertility,0.07,22,3,4,0,0,0.88,-0.13,
fertility,0.09,22,3,4,0,0,0.88,-0.13,
fertility,0.11,22,3,4,0,0,0.88,-0.13,
fertility,0.13,22,3,4,0,0,0.88,-0.13,
fertility,0.15,22,3,4,0,0,0.88,-0.13,
fertility,0.17,22,3,4,0,0,0.88,-0.13,
fertility,0.19,22,3,4,0,0,0.88,-0.13,
fertility,0.01,25,3,1,0,0,0.89,-0.05,
fertility,0.03,25,3,1,0,0,0.89,-0.05,
fertility,0.05,25,3,1,0,0,0.89,-0.05,
fertility,0.07,25,3,1,0,0,0.89,-0.05,
fertility,0.09,25,3,1,0,0,0.89,-0.05,
fertility,0.11,25,3,1,0,0,0.89,-0.05,
fertility,0.13,25,3,1,0,0,0.89,-0.05,
fertility,0.15,25,3,1,0,0,0.89,-0.05,
fertility,0.17,25,3,1,0,0,0.89,-0.05,
fertility,0.19,25,3,1,0,0,0.89,-0.05,
fertility,0.01,25,3,1,0,0,0.89,-0.05,
fertility,0.03,25,3,1,0,0,0.89,-0.05,
fertility,0.05,25,3,1,0,0,0.89,-0.05,
fertility,0.07,25,3,1,0,0,0.89,-0.05,
fertility,0.09,25,3,1,0,0,0.89,-0.05,
fertility,0.11,25,3,1,0,0,0.89,-0.05,
fertility,0.13,25,3,1,0,0,0.89,-0.05,
fertility,0.15,25,3,1,0,0,0.89,-0.05,
fertility,0.17,25,3,1,0,0,0.89,-0.05,
fertility,0.19,25,3,1,0,0,0.89,-0.05,
fertility,0.01,24,3,2,0,0,0.89,-0.09,
fertility,0.03,25,3,1,0,0,0.89,-0.05,
fertility,0.05,25,3,1,0,0,0.89,-0.05,
fertility,0.07,25,3,1,0,0,0.89,-0.05,
fertility,0.09,25,3,1,0,0,0.89,-0.05,
fertility,0.11,25,3,1,0,0,0.89,-0.05,
fertility,0.13,25,3,1,0,0,0.89,-0.05,
fertility,0.15,25,3,1,0,0,0.89,-0.05,
fertility,0.17,25,3,1,0,0,0.89,-0.05,
fertility,0.19,25,3,1,0,0,0.89,-0.05,
fertility,0.01,25,3,1,0,0,0.89,-0.05,
fertility,0.03,25,3,1,0,0,0.89,-0.05,
fertility,0.05,25,3,1,0,0,0.89,-0.05,
fertility,0.07,25,3,1,0,0,0.89,-0.05,
fertility,0.09,25,3,1,0,0,0.89,-0.05,
fertility,0.11,25,3,1,0,0,0.89,-0.05,
fertility,0.13,25,3,1,0,0,0.89,-0.05,
fertility,0.15,25,3,1,0,0,0.89,-0.05,
fertility,0.17,25,3,1,0,0,0.89,-0.05,
fertility,0.19,25,3,1,0,0,0.89,-0.05,
fertility,0.01,25,3,1,0,0,0.89,-0.05,
fertility,0.03,25,3,1,0,0,0.89,-0.05,
fertility,0.05,25,3,1,0,0,0.89,-0.05,
fertility,0.07,25,3,1,0,0,0.89,-0.05,
fertility,0.09,26,3,0,0,0,0.9,0,
fertility,0.11,26,3,0,0,0,0.9,0,
fertility,0.13,25,3,1,0,0,0.89,-0.05,
fertility,0.15,25,3,1,0,0,0.89,-0.05,
fertility,0.17,25,3,1,0,0,0.89,-0.05,
fertility,0.19,25,3,1,0,0,0.89,-0.05,
fertility,0.01,25,3,1,0,0,0.89,-0.05,
fertility,0.03,25,3,1,0,0,0.89,-0.05,
fertility,0.05,26,3,0,0,0,0.9,0,
fertility,0.07,26,3,0,0,0,0.9,0,
fertility,0.09,26,3,0,0,0,0.9,0,
fertility,0.11,26,3,0,0,0,0.9,0,
fertility,0.13,26,3,0,0,0,0.9,0,
fertility,0.15,26,3,0,0,0,0.9,0,
fertility,0.17,26,3,0,0,0,0.9,0,
fertility,0.19,26,3,0,0,0,0.9,0,
fertility,0.01,25,3,1,0,0,0.89,-0.05,
fertility,0.03,26,3,0,0,0,0.9,0,
fertility,0.05,26,3,0,0,0,0.9,0,
fertility,0.07,26,3,0,0,0,0.9,0,
fertility,0.09,26,3,0,0,0,0.9,0,
fertility,0.11,26,3,0,0,0,0.9,0,
fertility,0.13,26,3,0,0,0,0.9,0,
fertility,0.15,26,3,0,0,0,0.9,0,
fertility,0.17,26,3,0,0,0,0.9,0,
fertility,0.19,26,3,0,0,0,0.9,0,
fertility,0.01,25,3,1,0,0,0.89,-0.05,
fertility,0.03,26,3,0,0,0,0.9,0,
fertility,0.05,26,3,0,0,0,0.9,0,
fertility,0.07,26,3,0,0,0,0.9,0,
fertility,0.09,26,3,0,0,0,0.9,0,
fertility,0.11,26,3,0,0,0,0.9,0,
fertility,0.13,26,3,0,0,0,0.9,0,
fertility,0.15,26,3,0,0,0,0.9,0,
fertility,0.17,26,3,0,0,0,0.9,0,
fertility,0.19,26,3,0,0,0,0.9,0,
fertility,0.01,26,3,0,0,0,0.9,0,
fertility,0.03,26,3,0,0,0,0.9,0,
fertility,0.05,26,3,0,0,0,0.9,0,
fertility,0.07,26,3,0,0,0,0.9,0,
fertility,0.09,26,3,0,0,0,0.9,0,
fertility,0.11,26,3,0,0,0,0.9,0,
fertility,0.13,26,3,0,0,0,0.9,0,
fertility,0.15,26,3,0,0,0,0.9,0,
fertility,0.17,26,3,0,0,0,0.9,0,
fertility,0.19,26,3,0,0,0,0.9,0,
fertility,0.01,26,3,0,0,0,0.9,0,
fertility,0.03,26,3,0,0,0,0.9,0,
fertility,0.05,26,3,0,0,0,0.9,0,
fertility,0.07,26,3,0,0,0,0.9,0,
fertility,0.09,26,3,0,0,0,0.9,0,
fertility,0.11,26,3,0,0,0,0.9,0,
fertility,0.13,26,3,0,0,0,0.9,0,
fertility,0.15,26,3,0,0,0,0.9,0,
fertility,0.17,26,3,0,0,0,0.9,0,
fertility,0.19,26,3,0,0,0,0.9,0,
haberman,0.01,1,1,66,23,0.96,0.5,-0.01,
haberman,0.03,1,1,66,23,0.96,0.5,-0.01,
haberman,0.05,1,2,66,22,0.92,0.33,-0.04,
haberman,0.07,2,3,65,21,0.88,0.4,-0.05,
haberman,0.09,5,4,62,20,0.83,0.56,-0.05,
haberman,0.11,9,5,58,19,0.79,0.64,-0.04,
haberman,0.13,9,5,58,19,0.79,0.64,-0.04,
haberman,0.15,12,7,55,17,0.71,0.63,-0.07,
haberman,0.17,12,8,55,16,0.67,0.6,-0.09,
haberman,0.19,13,9,54,15,0.62,0.59,-0.11,
haberman,0.01,1,1,66,23,0.96,0.5,-0.01,
haberman,0.03,1,1,66,23,0.96,0.5,-0.01,
haberman,0.05,1,1,66,23,0.96,0.5,-0.01,
haberman,0.07,2,2,65,22,0.92,0.5,-0.03,
haberman,0.09,4,4,63,20,0.83,0.5,-0.06,
haberman,0.11,7,5,60,19,0.79,0.58,-0.06,
haberman,0.13,9,6,58,18,0.75,0.6,-0.07,
haberman,0.15,11,8,56,16,0.67,0.58,-0.1,
haberman,0.17,11,9,56,15,0.62,0.55,-0.13,
haberman,0.19,13,9,54,15,0.62,0.59,-0.11,
haberman,0.01,1,1,66,23,0.96,0.5,-0.01,
haberman,0.03,1,2,66,22,0.92,0.33,-0.04,
haberman,0.05,1,2,66,22,0.92,0.33,-0.04,
haberman,0.07,2,4,65,20,0.83,0.33,-0.08,
haberman,0.09,4,4,63,20,0.83,0.5,-0.06,
haberman,0.11,3,5,64,19,0.79,0.37,-0.09,
haberman,0.13,8,6,59,18,0.75,0.57,-0.08,
haberman,0.15,12,8,55,16,0.67,0.6,-0.09,
haberman,0.17,14,9,53,15,0.62,0.61,-0.1,
haberman,0.19,14,9,53,15,0.62,0.61,-0.1,
haberman,0.01,1,2,66,22,0.92,0.33,-0.04,
haberman,0.03,1,2,66,22,0.92,0.33,-0.04,
haberman,0.05,1,2,66,22,0.92,0.33,-0.04,
haberman,0.07,1,3,66,21,0.88,0.25,-0.06,
haberman,0.09,4,4,63,20,0.83,0.5,-0.06,
haberman,0.11,6,4,61,20,0.83,0.6,-0.04,
haberman,0.13,7,6,60,18,0.75,0.54,-0.08,
haberman,0.15,11,7,56,17,0.71,0.61,-0.08,
haberman,0.17,12,8,55,16,0.67,0.6,-0.09,
haberman,0.19,14,9,53,15,0.62,0.61,-0.1,
haberman,0.01,1,3,66,21,0.88,0.25,-0.06,
haberman,0.03,1,3,66,21,0.88,0.25,-0.06,
haberman,0.05,1,3,66,21,0.88,0.25,-0.06,
haberman,0.07,1,4,66,20,0.83,0.2,-0.08,
haberman,0.09,3,5,64,19,0.79,0.37,-0.09,
haberman,0.11,6,6,61,18,0.75,0.5,-0.09,
haberman,0.13,6,6,61,18,0.75,0.5,-0.09,
haberman,0.15,9,8,58,16,0.67,0.53,-0.12,
haberman,0.17,11,9,56,15,0.62,0.55,-0.13,
haberman,0.19,12,10,55,14,0.58,0.55,-0.15,
haberman,0.01,1,5,66,19,0.79,0.17,-0.11,
haberman,0.03,1,4,66,20,0.83,0.2,-0.08,
haberman,0.05,1,4,66,20,0.83,0.2,-0.08,
haberman,0.07,1,4,66,20,0.83,0.2,-0.08,
haberman,0.09,2,5,65,19,0.79,0.29,-0.1,
haberman,0.11,5,6,62,18,0.75,0.45,-0.1,
haberman,0.13,8,7,59,17,0.71,0.53,-0.1,
haberman,0.15,7,8,60,16,0.67,0.47,-0.13,
haberman,0.17,9,9,58,15,0.62,0.5,-0.15,
haberman,0.19,15,10,52,14,0.58,0.6,-0.12,
haberman,0.01,1,5,66,19,0.79,0.17,-0.11,
haberman,0.03,1,5,66,19,0.79,0.17,-0.11,
haberman,0.05,1,5,66,19,0.79,0.17,-0.11,
haberman,0.07,1,5,66,19,0.79,0.17,-0.11,
haberman,0.09,2,6,65,18,0.75,0.25,-0.12,
haberman,0.11,3,6,64,18,0.75,0.33,-0.12,
haberman,0.13,7,7,60,17,0.71,0.5,-0.11,
haberman,0.15,9,8,58,16,0.67,0.53,-0.12,
haberman,0.17,10,8,57,16,0.67,0.56,-0.11,
haberman,0.19,15,10,52,14,0.58,0.6,-0.12,
haberman,0.01,1,5,66,19,0.79,0.17,-0.11,
haberman,0.03,1,6,66,18,0.75,0.14,-0.13,
haberman,0.05,1,6,66,18,0.75,0.14,-0.13,
haberman,0.07,1,5,66,19,0.79,0.17,-0.11,
haberman,0.09,2,7,65,17,0.71,0.22,-0.15,
haberman,0.11,5,7,62,17,0.71,0.42,-0.13,
haberman,0.13,7,7,60,17,0.71,0.5,-0.11,
haberman,0.15,9,8,58,16,0.67,0.53,-0.12,
haberman,0.17,8,9,59,15,0.62,0.47,-0.15,
haberman,0.19,13,10,54,14,0.58,0.57,-0.14,
haberman,0.01,5,7,62,17,0.71,0.42,-0.13,
haberman,0.03,6,7,61,17,0.71,0.46,-0.12,
haberman,0.05,6,7,61,17,0.71,0.46,-0.12,
haberman,0.07,6,7,61,17,0.71,0.46,-0.12,
haberman,0.09,6,7,61,17,0.71,0.46,-0.12,
haberman,0.11,7,7,60,17,0.71,0.5,-0.11,
haberman,0.13,8,7,59,17,0.71,0.53,-0.1,
haberman,0.15,8,7,59,17,0.71,0.53,-0.1,
haberman,0.17,8,9,59,15,0.62,0.47,-0.15,
haberman,0.19,11,9,56,15,0.62,0.55,-0.13,
haberman,0.01,6,7,61,17,0.71,0.46,-0.12,
haberman,0.03,8,7,59,17,0.71,0.53,-0.1,
haberman,0.05,8,7,59,17,0.71,0.53,-0.1,
haberman,0.07,8,7,59,17,0.71,0.53,-0.1,
haberman,0.09,8,7,59,17,0.71,0.53,-0.1,
haberman,0.11,9,7,58,17,0.71,0.56,-0.09,
haberman,0.13,8,7,59,17,0.71,0.53,-0.1,
haberman,0.15,8,7,59,17,0.71,0.53,-0.1,
haberman,0.17,9,9,58,15,0.62,0.5,-0.15,
haberman,0.19,10,9,57,15,0.62,0.53,-0.14,
haberman,0.01,7,8,60,16,0.67,0.47,-0.13,
haberman,0.03,7,8,60,16,0.67,0.47,-0.13,
haberman,0.05,8,8,59,16,0.67,0.5,-0.13,
haberman,0.07,7,8,60,16,0.67,0.47,-0.13,
haberman,0.09,8,8,59,16,0.67,0.5,-0.13,
haberman,0.11,9,7,58,17,0.71,0.56,-0.09,
haberman,0.13,8,7,59,17,0.71,0.53,-0.1,
haberman,0.15,8,7,59,17,0.71,0.53,-0.1,
haberman,0.17,11,9,56,15,0.62,0.55,-0.13,
haberman,0.19,9,9,58,15,0.62,0.5,-0.15,
liver,0.01,19,6,105,43,0.88,0.76,0.02,
liver,0.03,19,6,105,43,0.88,0.76,0.02,
liver,0.05,19,6,105,43,0.88,0.76,0.02,
liver,0.07,19,6,105,43,0.88,0.76,0.02,
liver,0.09,19,6,105,43,0.88,0.76,0.02,
liver,0.11,20,6,104,43,0.88,0.77,0.02,
liver,0.13,20,6,104,43,0.88,0.77,0.02,
liver,0.15,24,6,100,43,0.88,0.8,0.04,
liver,0.17,26,8,98,41,0.84,0.76,0.03,
liver,0.19,30,9,94,40,0.82,0.77,0.04,
liver,0.01,28,8,96,41,0.84,0.78,0.04,
liver,0.03,28,8,96,41,0.84,0.78,0.04,
liver,0.05,27,8,97,41,0.84,0.77,0.04,
liver,0.07,27,8,97,41,0.84,0.77,0.04,
liver,0.09,27,8,97,41,0.84,0.77,0.04,
liver,0.11,27,8,97,41,0.84,0.77,0.04,
liver,0.13,29,8,95,41,0.84,0.78,0.05,
liver,0.15,29,8,95,41,0.84,0.78,0.05,
liver,0.17,29,8,95,41,0.84,0.78,0.05,
liver,0.19,31,9,93,40,0.82,0.78,0.04,
liver,0.01,35,10,89,39,0.8,0.78,0.05,
liver,0.03,35,10,89,39,0.8,0.78,0.05,
liver,0.05,35,10,89,39,0.8,0.78,0.05,
liver,0.07,34,10,90,39,0.8,0.77,0.05,
liver,0.09,34,10,90,39,0.8,0.77,0.05,
liver,0.11,34,10,90,39,0.8,0.77,0.05,
liver,0.13,33,10,91,39,0.8,0.77,0.04,
liver,0.15,35,10,89,39,0.8,0.78,0.05,
liver,0.17,35,10,89,39,0.8,0.78,0.05,
liver,0.19,36,10,88,39,0.8,0.78,0.06,
liver,0.01,41,11,83,38,0.78,0.79,0.07,
liver,0.03,41,11,83,38,0.78,0.79,0.07,
liver,0.05,42,11,82,38,0.78,0.79,0.08,
liver,0.07,41,11,83,38,0.78,0.79,0.07,
liver,0.09,42,11,82,38,0.78,0.79,0.08,
liver,0.11,41,11,83,38,0.78,0.79,0.07,
liver,0.13,43,11,81,38,0.78,0.8,0.09,
liver,0.15,42,11,82,38,0.78,0.79,0.08,
liver,0.17,42,11,82,38,0.78,0.79,0.08,
liver,0.19,42,11,82,38,0.78,0.79,0.08,
liver,0.01,49,15,75,34,0.69,0.77,0.06,
liver,0.03,50,16,74,33,0.67,0.76,0.06,
liver,0.05,50,16,74,33,0.67,0.76,0.06,
liver,0.07,48,16,76,33,0.67,0.75,0.04,
liver,0.09,48,16,76,33,0.67,0.75,0.04,
liver,0.11,48,16,76,33,0.67,0.75,0.04,
liver,0.13,49,16,75,33,0.67,0.75,0.05,
liver,0.15,48,16,76,33,0.67,0.75,0.04,
liver,0.17,49,16,75,33,0.67,0.75,0.05,
liver,0.19,49,16,75,33,0.67,0.75,0.05,
liver,0.01,51,18,73,31,0.63,0.74,0.03,
liver,0.03,51,18,73,31,0.63,0.74,0.03,
liver,0.05,52,18,72,31,0.63,0.74,0.04,
liver,0.07,52,18,72,31,0.63,0.74,0.04,
liver,0.09,51,18,73,31,0.63,0.74,0.03,
liver,0.11,51,18,73,31,0.63,0.74,0.03,
liver,0.13,51,18,73,31,0.63,0.74,0.03,
liver,0.15,52,18,72,31,0.63,0.74,0.04,
liver,0.17,50,18,74,31,0.63,0.74,0.03,
liver,0.19,50,18,74,31,0.63,0.74,0.03,
liver,0.01,52,20,72,29,0.59,0.72,0.01,
liver,0.03,51,20,73,29,0.59,0.72,0,
liver,0.05,50,20,74,29,0.59,0.71,0,
liver,0.07,51,20,73,29,0.59,0.72,0,
liver,0.09,52,20,72,29,0.59,0.72,0.01,
liver,0.11,53,20,71,29,0.59,0.73,0.01,
liver,0.13,54,20,70,29,0.59,0.73,0.02,
liver,0.15,52,20,72,29,0.59,0.72,0.01,
liver,0.17,51,20,73,29,0.59,0.72,0,
liver,0.19,54,20,70,29,0.59,0.73,0.02,
liver,0.01,55,21,69,28,0.57,0.72,0.01,
liver,0.03,54,21,70,28,0.57,0.72,0.01,
liver,0.05,53,21,71,28,0.57,0.72,0,
liver,0.07,55,21,69,28,0.57,0.72,0.01,
liver,0.09,55,21,69,28,0.57,0.72,0.01,
liver,0.11,55,21,69,28,0.57,0.72,0.01,
liver,0.13,54,21,70,28,0.57,0.72,0.01,
liver,0.15,53,21,71,28,0.57,0.72,0,
liver,0.17,53,21,71,28,0.57,0.72,0,
liver,0.19,54,21,70,28,0.57,0.72,0.01,
liver,0.01,57,23,67,26,0.53,0.71,-0.01,
liver,0.03,57,23,67,26,0.53,0.71,-0.01,
liver,0.05,57,23,67,26,0.53,0.71,-0.01,
liver,0.07,56,23,68,26,0.53,0.71,-0.01,
liver,0.09,56,23,68,26,0.53,0.71,-0.01,
liver,0.11,57,23,67,26,0.53,0.71,-0.01,
liver,0.13,58,23,66,26,0.53,0.72,0,
liver,0.15,56,23,68,26,0.53,0.71,-0.01,
liver,0.17,58,23,66,26,0.53,0.72,0,
liver,0.19,56,23,68,26,0.53,0.71,-0.01,
liver,0.01,61,25,63,24,0.49,0.71,-0.01,
liver,0.03,59,25,65,24,0.49,0.7,-0.03,
liver,0.05,58,25,66,24,0.49,0.7,-0.03,
liver,0.07,59,25,65,24,0.49,0.7,-0.03,
liver,0.09,59,25,65,24,0.49,0.7,-0.03,
liver,0.11,60,25,64,24,0.49,0.71,-0.02,
liver,0.13,60,25,64,24,0.49,0.71,-0.02,
liver,0.15,60,25,64,24,0.49,0.71,-0.02,
liver,0.17,59,25,65,24,0.49,0.7,-0.03,
liver,0.19,60,25,64,24,0.49,0.71,-0.02,
liver,0.01,68,28,56,21,0.43,0.71,-0.02,
liver,0.03,66,27,58,22,0.45,0.71,-0.02,
liver,0.05,65,27,59,22,0.45,0.71,-0.02,
liver,0.07,67,27,57,22,0.45,0.71,-0.01,
liver,0.09,65,27,59,22,0.45,0.71,-0.02,
liver,0.11,65,27,59,22,0.45,0.71,-0.02,
liver,0.13,66,28,58,21,0.43,0.7,-0.03,
liver,0.15,65,27,59,22,0.45,0.71,-0.02,
liver,0.17,66,27,58,22,0.45,0.71,-0.02,
liver,0.19,66,27,58,22,0.45,0.71,-0.02,
ionosphere,0.01,20,37,47,0,0,0.35,-0.66,
ionosphere,0.03,21,37,46,0,0,0.36,-0.65,
ionosphere,0.05,21,37,46,0,0,0.36,-0.65,
ionosphere,0.07,21,37,46,0,0,0.36,-0.65,
ionosphere,0.09,21,37,46,0,0,0.36,-0.65,
ionosphere,0.11,21,37,46,0,0,0.36,-0.65,
ionosphere,0.13,21,37,46,0,0,0.36,-0.65,
ionosphere,0.15,21,37,46,0,0,0.36,-0.65,
ionosphere,0.17,21,37,46,0,0,0.36,-0.65,
ionosphere,0.19,21,37,46,0,0,0.36,-0.65,
ionosphere,0.01,33,37,34,0,0,0.47,-0.52,
ionosphere,0.03,33,37,34,0,0,0.47,-0.52,
ionosphere,0.05,33,37,34,0,0,0.47,-0.52,
ionosphere,0.07,33,37,34,0,0,0.47,-0.52,
ionosphere,0.09,33,37,34,0,0,0.47,-0.52,
ionosphere,0.11,33,37,34,0,0,0.47,-0.52,
ionosphere,0.13,33,37,34,0,0,0.47,-0.52,
ionosphere,0.15,33,37,34,0,0,0.47,-0.52,
ionosphere,0.17,33,37,34,0,0,0.47,-0.52,
ionosphere,0.19,33,37,34,0,0,0.47,-0.52,
ionosphere,0.01,40,37,27,0,0,0.52,-0.43,
ionosphere,0.03,41,37,26,0,0,0.53,-0.42,
ionosphere,0.05,40,37,27,0,0,0.52,-0.43,
ionosphere,0.07,39,37,28,0,0,0.51,-0.44,
ionosphere,0.09,40,37,27,0,0,0.52,-0.43,
ionosphere,0.11,41,37,26,0,0,0.53,-0.42,
ionosphere,0.13,41,37,26,0,0,0.53,-0.42,
ionosphere,0.15,41,37,26,0,0,0.53,-0.42,
ionosphere,0.17,41,37,26,0,0,0.53,-0.42,
ionosphere,0.19,40,37,27,0,0,0.52,-0.43,
ionosphere,0.01,45,37,22,0,0,0.55,-0.36,
ionosphere,0.03,45,37,22,0,0,0.55,-0.36,
ionosphere,0.05,45,37,22,0,0,0.55,-0.36,
ionosphere,0.07,45,37,22,0,0,0.55,-0.36,
ionosphere,0.09,45,37,22,0,0,0.55,-0.36,
ionosphere,0.11,45,37,22,0,0,0.55,-0.36,
ionosphere,0.13,45,37,22,0,0,0.55,-0.36,
ionosphere,0.15,45,37,22,0,0,0.55,-0.36,
ionosphere,0.17,45,37,22,0,0,0.55,-0.36,
ionosphere,0.19,45,37,22,0,0,0.55,-0.36,
ionosphere,0.01,48,37,19,0,0,0.56,-0.32,
ionosphere,0.03,49,37,18,0,0,0.57,-0.3,
ionosphere,0.05,49,37,18,0,0,0.57,-0.3,
ionosphere,0.07,49,37,18,0,0,0.57,-0.3,
ionosphere,0.09,49,37,18,0,0,0.57,-0.3,
ionosphere,0.11,49,37,18,0,0,0.57,-0.3,
ionosphere,0.13,49,37,18,0,0,0.57,-0.3,
ionosphere,0.15,49,37,18,0,0,0.57,-0.3,
ionosphere,0.17,49,37,18,0,0,0.57,-0.3,
ionosphere,0.19,49,37,18,0,0,0.57,-0.3,
ionosphere,0.01,51,37,16,0,0,0.58,-0.27,
ionosphere,0.03,51,37,16,0,0,0.58,-0.27,
ionosphere,0.05,51,37,16,0,0,0.58,-0.27,
ionosphere,0.07,51,37,16,0,0,0.58,-0.27,
ionosphere,0.09,51,37,16,0,0,0.58,-0.27,
ionosphere,0.11,51,37,16,0,0,0.58,-0.27,
ionosphere,0.13,51,37,16,0,0,0.58,-0.27,
ionosphere,0.15,51,37,16,0,0,0.58,-0.27,
ionosphere,0.17,51,37,16,0,0,0.58,-0.27,
ionosphere,0.19,51,37,16,0,0,0.58,-0.27,
ionosphere,0.01,51,37,16,0,0,0.58,-0.27,
ionosphere,0.03,51,37,16,0,0,0.58,-0.27,
ionosphere,0.05,51,37,16,0,0,0.58,-0.27,
ionosphere,0.07,51,37,16,0,0,0.58,-0.27,
ionosphere,0.09,51,37,16,0,0,0.58,-0.27,
ionosphere,0.11,51,37,16,0,0,0.58,-0.27,
ionosphere,0.13,51,37,16,0,0,0.58,-0.27,
ionosphere,0.15,51,37,16,0,0,0.58,-0.27,
ionosphere,0.17,51,37,16,0,0,0.58,-0.27,
ionosphere,0.19,51,37,16,0,0,0.58,-0.27,
ionosphere,0.01,52,37,15,0,0,0.58,-0.26,
ionosphere,0.03,52,37,15,0,0,0.58,-0.26,
ionosphere,0.05,52,37,15,0,0,0.58,-0.26,
ionosphere,0.07,52,37,15,0,0,0.58,-0.26,
ionosphere,0.09,52,37,15,0,0,0.58,-0.26,
ionosphere,0.11,52,37,15,0,0,0.58,-0.26,
ionosphere,0.13,52,37,15,0,0,0.58,-0.26,
ionosphere,0.15,52,37,15,0,0,0.58,-0.26,
ionosphere,0.17,52,37,15,0,0,0.58,-0.26,
ionosphere,0.19,52,37,15,0,0,0.58,-0.26,
ionosphere,0.01,54,37,13,0,0,0.59,-0.23,
ionosphere,0.03,54,37,13,0,0,0.59,-0.23,
ionosphere,0.05,53,37,14,0,0,0.59,-0.24,
ionosphere,0.07,54,37,13,0,0,0.59,-0.23,
ionosphere,0.09,54,37,13,0,0,0.59,-0.23,
ionosphere,0.11,54,37,13,0,0,0.59,-0.23,
ionosphere,0.13,54,37,13,0,0,0.59,-0.23,
ionosphere,0.15,54,37,13,0,0,0.59,-0.23,
ionosphere,0.17,54,37,13,0,0,0.59,-0.23,
ionosphere,0.19,54,37,13,0,0,0.59,-0.23,
ionosphere,0.01,56,37,11,0,0,0.6,-0.19,
ionosphere,0.03,55,37,12,0,0,0.6,-0.21,
ionosphere,0.05,56,37,11,0,0,0.6,-0.19,
ionosphere,0.07,55,37,12,0,0,0.6,-0.21,
ionosphere,0.09,55,37,12,0,0,0.6,-0.21,
ionosphere,0.11,55,37,12,0,0,0.6,-0.21,
ionosphere,0.13,55,37,12,0,0,0.6,-0.21,
ionosphere,0.15,55,37,12,0,0,0.6,-0.21,
ionosphere,0.17,55,37,12,0,0,0.6,-0.21,
ionosphere,0.19,55,37,12,0,0,0.6,-0.21,
ionosphere,0.01,56,37,11,0,0,0.6,-0.19,
ionosphere,0.03,56,37,11,0,0,0.6,-0.19,
ionosphere,0.05,56,37,11,0,0,0.6,-0.19,
ionosphere,0.07,56,37,11,0,0,0.6,-0.19,
ionosphere,0.09,56,37,11,0,0,0.6,-0.19,
ionosphere,0.11,56,37,11,0,0,0.6,-0.19,
ionosphere,0.13,56,37,11,0,0,0.6,-0.19,
ionosphere,0.15,56,37,11,0,0,0.6,-0.19,
ionosphere,0.17,56,37,11,0,0,0.6,-0.19,
ionosphere,0.19,56,37,11,0,0,0.6,-0.19,
mammo,0.01,12,25,116,97,0.8,0.32,-0.11,
mammo,0.03,14,25,114,97,0.8,0.36,-0.09,
mammo,0.05,14,25,114,97,0.8,0.36,-0.09,
mammo,0.07,12,25,116,97,0.8,0.32,-0.11,
mammo,0.09,14,26,114,96,0.79,0.35,-0.1,
mammo,0.11,14,26,114,96,0.79,0.35,-0.1,
mammo,0.13,15,26,113,96,0.79,0.37,-0.09,
mammo,0.15,22,34,106,88,0.72,0.39,-0.11,
mammo,0.17,25,41,103,81,0.66,0.38,-0.14,
mammo,0.19,25,43,103,79,0.65,0.37,-0.16,
mammo,0.01,13,27,115,95,0.78,0.32,-0.12,
mammo,0.03,12,27,116,95,0.78,0.31,-0.13,
mammo,0.05,14,27,114,95,0.78,0.34,-0.11,
mammo,0.07,14,27,114,95,0.78,0.34,-0.11,
mammo,0.09,13,27,115,95,0.78,0.32,-0.12,
mammo,0.11,13,28,115,94,0.77,0.32,-0.13,
mammo,0.13,17,28,111,94,0.77,0.38,-0.1,
mammo,0.15,19,34,109,88,0.72,0.36,-0.13,
mammo,0.17,24,40,104,82,0.67,0.38,-0.14,
mammo,0.19,28,42,100,80,0.66,0.4,-0.12,
mammo,0.01,13,27,115,95,0.78,0.32,-0.12,
mammo,0.03,15,27,113,95,0.78,0.36,-0.1,
mammo,0.05,14,27,114,95,0.78,0.34,-0.11,
mammo,0.07,14,27,114,95,0.78,0.34,-0.11,
mammo,0.09,13,27,115,95,0.78,0.32,-0.12,
mammo,0.11,14,27,114,95,0.78,0.34,-0.11,
mammo,0.13,15,28,113,94,0.77,0.35,-0.11,
mammo,0.15,17,34,111,88,0.72,0.33,-0.14,
mammo,0.17,27,41,101,81,0.66,0.4,-0.12,
mammo,0.19,29,41,99,81,0.66,0.41,-0.11,
mammo,0.01,15,29,113,93,0.76,0.34,-0.12,
mammo,0.03,17,29,111,93,0.76,0.37,-0.1,
mammo,0.05,17,31,111,91,0.75,0.35,-0.12,
mammo,0.07,18,29,110,93,0.76,0.38,-0.1,
mammo,0.09,17,29,111,93,0.76,0.37,-0.1,
mammo,0.11,16,31,112,91,0.75,0.34,-0.13,
mammo,0.13,18,32,110,90,0.74,0.36,-0.12,
mammo,0.15,22,38,106,84,0.69,0.37,-0.14,
mammo,0.17,23,39,105,83,0.68,0.37,-0.14,
mammo,0.19,29,47,99,75,0.61,0.38,-0.16,
mammo,0.01,22,27,106,95,0.78,0.45,-0.05,
mammo,0.03,19,30,109,92,0.75,0.39,-0.1,
mammo,0.05,20,31,108,91,0.75,0.39,-0.1,
mammo,0.07,19,32,109,90,0.74,0.37,-0.11,
mammo,0.09,17,31,111,91,0.75,0.35,-0.12,
mammo,0.11,18,32,110,90,0.74,0.36,-0.12,
mammo,0.13,22,30,106,92,0.75,0.42,-0.07,
mammo,0.15,27,36,101,86,0.7,0.43,-0.08,
mammo,0.17,29,39,99,83,0.68,0.43,-0.09,
mammo,0.19,30,46,98,76,0.62,0.39,-0.14,
mammo,0.01,26,39,102,83,0.68,0.4,-0.12,
mammo,0.03,31,34,97,88,0.72,0.48,-0.04,
mammo,0.05,29,33,99,89,0.73,0.47,-0.04,
mammo,0.07,26,33,102,89,0.73,0.44,-0.07,
mammo,0.09,25,30,103,92,0.75,0.45,-0.05,
mammo,0.11,24,32,104,90,0.74,0.43,-0.07,
mammo,0.13,24,32,104,90,0.74,0.43,-0.07,
mammo,0.15,29,33,99,89,0.73,0.47,-0.04,
mammo,0.17,30,37,98,85,0.7,0.45,-0.07,
mammo,0.19,32,41,96,81,0.66,0.44,-0.09,
mammo,0.01,30,38,98,84,0.69,0.44,-0.08,
mammo,0.03,25,33,103,89,0.73,0.43,-0.07,
mammo,0.05,26,32,102,90,0.74,0.45,-0.06,
mammo,0.07,26,32,102,90,0.74,0.45,-0.06,
mammo,0.09,25,31,103,91,0.75,0.45,-0.06,
mammo,0.11,26,31,102,91,0.75,0.46,-0.05,
mammo,0.13,24,31,104,91,0.75,0.44,-0.07,
mammo,0.15,24,31,104,91,0.75,0.44,-0.07,
mammo,0.17,33,43,95,79,0.65,0.43,-0.09,
mammo,0.19,31,45,97,77,0.63,0.41,-0.13,
mammo,0.01,34,43,94,79,0.65,0.44,-0.09,
mammo,0.03,28,33,100,89,0.73,0.46,-0.05,
mammo,0.05,26,36,102,86,0.7,0.42,-0.09,
mammo,0.07,25,32,103,90,0.74,0.44,-0.07,
mammo,0.09,24,34,104,88,0.72,0.41,-0.09,
mammo,0.11,24,34,104,88,0.72,0.41,-0.09,
mammo,0.13,24,32,104,90,0.74,0.43,-0.07,
mammo,0.15,25,32,103,90,0.74,0.44,-0.07,
mammo,0.17,32,41,96,81,0.66,0.44,-0.09,
mammo,0.19,33,43,95,79,0.65,0.43,-0.09,
mammo,0.01,34,40,94,82,0.67,0.46,-0.06,
mammo,0.03,35,38,93,84,0.69,0.48,-0.04,
mammo,0.05,30,37,98,85,0.7,0.45,-0.07,
mammo,0.07,29,36,99,86,0.7,0.45,-0.07,
mammo,0.09,27,36,101,86,0.7,0.43,-0.08,
mammo,0.11,29,34,99,88,0.72,0.46,-0.05,
mammo,0.13,27,34,101,88,0.72,0.44,-0.07,
mammo,0.15,25,33,103,89,0.73,0.43,-0.07,
mammo,0.17,33,36,95,86,0.7,0.48,-0.04,
mammo,0.19,35,44,93,78,0.64,0.44,-0.09,
mammo,0.01,34,33,94,89,0.73,0.51,0,
mammo,0.03,32,35,96,87,0.71,0.48,-0.04,
mammo,0.05,33,43,95,79,0.65,0.43,-0.09,
mammo,0.07,32,44,96,78,0.64,0.42,-0.11,
mammo,0.09,33,38,95,84,0.69,0.46,-0.05,
mammo,0.11,33,42,95,80,0.66,0.44,-0.09,
mammo,0.13,31,33,97,89,0.73,0.48,-0.03,
mammo,0.15,31,38,97,84,0.69,0.45,-0.07,
mammo,0.17,40,49,88,73,0.6,0.45,-0.09,
mammo,0.19,33,42,95,80,0.66,0.44,-0.09,
mammo,0.01,41,42,87,80,0.66,0.49,-0.02,
mammo,0.03,38,56,90,66,0.54,0.4,-0.16,
mammo,0.05,40,54,88,68,0.56,0.43,-0.13,
mammo,0.07,38,48,90,74,0.61,0.44,-0.1,
mammo,0.09,38,46,90,76,0.62,0.45,-0.08,
mammo,0.11,39,51,89,71,0.58,0.43,-0.11,
mammo,0.13,38,40,90,82,0.67,0.49,-0.03,
mammo,0.15,36,39,92,83,0.68,0.48,-0.04,
mammo,0.17,39,45,89,77,0.63,0.46,-0.06,
mammo,0.19,45,53,83,69,0.57,0.46,-0.08,
parkinson,0.01,19,7,25,7,0.5,0.73,-0.05,
parkinson,0.03,19,8,25,6,0.43,0.7,-0.1,
parkinson,0.05,19,8,25,6,0.43,0.7,-0.1,
parkinson,0.07,19,8,25,6,0.43,0.7,-0.1,
parkinson,0.09,19,8,25,6,0.43,0.7,-0.1,
parkinson,0.11,19,8,25,6,0.43,0.7,-0.1,
parkinson,0.13,19,8,25,6,0.43,0.7,-0.1,
parkinson,0.15,19,8,25,6,0.43,0.7,-0.1,
parkinson,0.17,19,8,25,6,0.43,0.7,-0.1,
parkinson,0.19,19,8,25,6,0.43,0.7,-0.1,
parkinson,0.01,24,8,20,6,0.43,0.75,-0.02,
parkinson,0.03,24,9,20,5,0.36,0.73,-0.08,
parkinson,0.05,24,9,20,5,0.36,0.73,-0.08,
parkinson,0.07,24,9,20,5,0.36,0.73,-0.08,
parkinson,0.09,24,9,20,5,0.36,0.73,-0.08,
parkinson,0.11,24,9,20,5,0.36,0.73,-0.08,
parkinson,0.13,24,9,20,5,0.36,0.73,-0.08,
parkinson,0.15,24,9,20,5,0.36,0.73,-0.08,
parkinson,0.17,24,9,20,5,0.36,0.73,-0.08,
parkinson,0.19,24,9,20,5,0.36,0.73,-0.08,
parkinson,0.01,30,10,14,4,0.29,0.75,-0.03,
parkinson,0.03,30,9,14,5,0.36,0.77,0.03,
parkinson,0.05,29,9,15,5,0.36,0.76,0.01,
parkinson,0.07,29,9,15,5,0.36,0.76,0.01,
parkinson,0.09,29,9,15,5,0.36,0.76,0.01,
parkinson,0.11,29,9,15,5,0.36,0.76,0.01,
parkinson,0.13,29,9,15,5,0.36,0.76,0.01,
parkinson,0.15,29,9,15,5,0.36,0.76,0.01,
parkinson,0.17,29,9,15,5,0.36,0.76,0.01,
parkinson,0.19,29,9,15,5,0.36,0.76,0.01,
parkinson,0.01,34,10,10,4,0.29,0.77,0.06,
parkinson,0.03,35,10,9,4,0.29,0.78,0.08,
parkinson,0.05,36,10,8,4,0.29,0.78,0.11,
parkinson,0.07,35,10,9,4,0.29,0.78,0.08,
parkinson,0.09,35,10,9,4,0.29,0.78,0.08,
parkinson,0.11,35,10,9,4,0.29,0.78,0.08,
parkinson,0.13,35,10,9,4,0.29,0.78,0.08,
parkinson,0.15,35,10,9,4,0.29,0.78,0.08,
parkinson,0.17,35,10,9,4,0.29,0.78,0.08,
parkinson,0.19,35,10,9,4,0.29,0.78,0.08,
parkinson,0.01,37,10,7,4,0.29,0.79,0.14,
parkinson,0.03,37,10,7,4,0.29,0.79,0.14,
parkinson,0.05,37,10,7,4,0.29,0.79,0.14,
parkinson,0.07,37,10,7,4,0.29,0.79,0.14,
parkinson,0.09,37,10,7,4,0.29,0.79,0.14,
parkinson,0.11,37,10,7,4,0.29,0.79,0.14,
parkinson,0.13,37,10,7,4,0.29,0.79,0.14,
parkinson,0.15,37,10,7,4,0.29,0.79,0.14,
parkinson,0.17,37,10,7,4,0.29,0.79,0.14,
parkinson,0.19,37,10,7,4,0.29,0.79,0.14,
parkinson,0.01,38,11,6,3,0.21,0.78,0.09,
parkinson,0.03,38,12,6,2,0.14,0.76,0.01,
parkinson,0.05,38,11,6,3,0.21,0.78,0.09,
parkinson,0.07,39,11,5,3,0.21,0.78,0.12,
parkinson,0.09,38,11,6,3,0.21,0.78,0.09,
parkinson,0.11,38,11,6,3,0.21,0.78,0.09,
parkinson,0.13,38,11,6,3,0.21,0.78,0.09,
parkinson,0.15,38,11,6,3,0.21,0.78,0.09,
parkinson,0.17,38,11,6,3,0.21,0.78,0.09,
parkinson,0.19,38,11,6,3,0.21,0.78,0.09,
parkinson,0.01,39,13,5,1,0.07,0.75,-0.05,
parkinson,0.03,39,13,5,1,0.07,0.75,-0.05,
parkinson,0.05,39,13,5,1,0.07,0.75,-0.05,
parkinson,0.07,39,13,5,1,0.07,0.75,-0.05,
parkinson,0.09,39,13,5,1,0.07,0.75,-0.05,
parkinson,0.11,39,13,5,1,0.07,0.75,-0.05,
parkinson,0.13,39,13,5,1,0.07,0.75,-0.05,
parkinson,0.15,39,13,5,1,0.07,0.75,-0.05,
parkinson,0.17,39,13,5,1,0.07,0.75,-0.05,
parkinson,0.19,39,13,5,1,0.07,0.75,-0.05,
parkinson,0.01,42,14,2,0,0,0.75,-0.06,
parkinson,0.03,42,14,2,0,0,0.75,-0.06,
parkinson,0.05,42,14,2,0,0,0.75,-0.06,
parkinson,0.07,42,14,2,0,0,0.75,-0.06,
parkinson,0.09,42,14,2,0,0,0.75,-0.06,
parkinson,0.11,42,14,2,0,0,0.75,-0.06,
parkinson,0.13,42,14,2,0,0,0.75,-0.06,
parkinson,0.15,42,14,2,0,0,0.75,-0.06,
parkinson,0.17,42,14,2,0,0,0.75,-0.06,
parkinson,0.19,42,14,2,0,0,0.75,-0.06,
parkinson,0.01,44,14,0,0,0,0.76,0,
parkinson,0.03,43,14,1,0,0,0.75,-0.03,
parkinson,0.05,43,14,1,0,0,0.75,-0.03,
parkinson,0.07,43,14,1,0,0,0.75,-0.03,
parkinson,0.09,43,14,1,0,0,0.75,-0.03,
parkinson,0.11,43,14,1,0,0,0.75,-0.03,
parkinson,0.13,43,14,1,0,0,0.75,-0.03,
parkinson,0.15,44,14,0,0,0,0.76,0,
parkinson,0.17,43,14,1,0,0,0.75,-0.03,
parkinson,0.19,43,14,1,0,0,0.75,-0.03,
parkinson,0.01,44,14,0,0,0,0.76,0,
parkinson,0.03,44,14,0,0,0,0.76,0,
parkinson,0.05,44,14,0,0,0,0.76,0,
parkinson,0.07,44,14,0,0,0,0.76,0,
parkinson,0.09,44,14,0,0,0,0.76,0,
parkinson,0.11,44,14,0,0,0,0.76,0,
parkinson,0.13,44,14,0,0,0,0.76,0,
parkinson,0.15,44,14,0,0,0,0.76,0,
parkinson,0.17,44,14,0,0,0,0.76,0,
parkinson,0.19,44,14,0,0,0,0.76,0,
parkinson,0.01,44,14,0,0,0,0.76,0,
parkinson,0.03,44,14,0,0,0,0.76,0,
parkinson,0.05,44,14,0,0,0,0.76,0,
parkinson,0.07,44,14,0,0,0,0.76,0,
parkinson,0.09,44,14,0,0,0,0.76,0,
parkinson,0.11,44,14,0,0,0,0.76,0,
parkinson,0.13,44,14,0,0,0,0.76,0,
parkinson,0.15,44,14,0,0,0,0.76,0,
parkinson,0.17,44,14,0,0,0,0.76,0,
parkinson,0.19,44,14,0,0,0,0.76,0,
biodegrad,0.01,93,40,116,66,0.62,0.7,0.06,
biodegrad,0.03,92,41,117,65,0.61,0.69,0.05,
biodegrad,0.05,92,41,117,65,0.61,0.69,0.05,
biodegrad,0.07,91,39,118,67,0.63,0.7,0.06,
biodegrad,0.09,91,40,118,66,0.62,0.69,0.05,
biodegrad,0.11,91,40,118,66,0.62,0.69,0.05,
biodegrad,0.13,91,40,118,66,0.62,0.69,0.05,
biodegrad,0.15,92,41,117,65,0.61,0.69,0.05,
biodegrad,0.17,92,39,117,67,0.63,0.7,0.06,
biodegrad,0.19,91,40,118,66,0.62,0.69,0.05,
biodegrad,0.01,125,58,84,48,0.45,0.68,0.05,
biodegrad,0.03,125,58,84,48,0.45,0.68,0.05,
biodegrad,0.05,125,58,84,48,0.45,0.68,0.05,
biodegrad,0.07,125,58,84,48,0.45,0.68,0.05,
biodegrad,0.09,124,57,85,49,0.46,0.69,0.05,
biodegrad,0.11,125,57,84,49,0.46,0.69,0.06,
biodegrad,0.13,127,58,82,48,0.45,0.69,0.06,
biodegrad,0.15,125,57,84,49,0.46,0.69,0.06,
biodegrad,0.17,126,58,83,48,0.45,0.68,0.05,
biodegrad,0.19,125,57,84,49,0.46,0.69,0.06,
biodegrad,0.01,145,69,64,37,0.35,0.68,0.04,
biodegrad,0.03,146,70,63,36,0.34,0.68,0.04,
biodegrad,0.05,145,69,64,37,0.35,0.68,0.04,
biodegrad,0.07,145,69,64,37,0.35,0.68,0.04,
biodegrad,0.09,146,69,63,37,0.35,0.68,0.05,
biodegrad,0.11,147,69,62,37,0.35,0.68,0.05,
biodegrad,0.13,144,69,65,37,0.35,0.68,0.04,
biodegrad,0.15,144,70,65,36,0.34,0.67,0.03,
biodegrad,0.17,145,70,64,36,0.34,0.67,0.03,
biodegrad,0.19,144,70,65,36,0.34,0.67,0.03,
biodegrad,0.01,157,82,52,24,0.23,0.66,-0.02,
biodegrad,0.03,158,82,51,24,0.23,0.66,-0.02,
biodegrad,0.05,158,81,51,25,0.24,0.66,-0.01,
biodegrad,0.07,159,81,50,25,0.24,0.66,0,
biodegrad,0.09,158,82,51,24,0.23,0.66,-0.02,
biodegrad,0.11,157,81,52,25,0.24,0.66,-0.01,
biodegrad,0.13,158,82,51,24,0.23,0.66,-0.02,
biodegrad,0.15,160,81,49,25,0.24,0.66,0,
biodegrad,0.17,158,82,51,24,0.23,0.66,-0.02,
biodegrad,0.19,158,82,51,24,0.23,0.66,-0.02,
biodegrad,0.01,178,90,31,16,0.15,0.66,0,
biodegrad,0.03,174,90,35,16,0.15,0.66,-0.02,
biodegrad,0.05,175,90,34,16,0.15,0.66,-0.01,
biodegrad,0.07,173,91,36,15,0.14,0.66,-0.04,
biodegrad,0.09,174,90,35,16,0.15,0.66,-0.02,
biodegrad,0.11,173,90,36,16,0.15,0.66,-0.02,
biodegrad,0.13,174,91,35,15,0.14,0.66,-0.03,
biodegrad,0.15,174,90,35,16,0.15,0.66,-0.02,
biodegrad,0.17,174,91,35,15,0.14,0.66,-0.03,
biodegrad,0.19,173,91,36,15,0.14,0.66,-0.04,
biodegrad,0.01,183,97,26,9,0.08,0.65,-0.05,
biodegrad,0.03,181,95,28,11,0.1,0.66,-0.04,
biodegrad,0.05,182,95,27,11,0.1,0.66,-0.03,
biodegrad,0.07,181,95,28,11,0.1,0.66,-0.04,
biodegrad,0.09,182,95,27,11,0.1,0.66,-0.03,
biodegrad,0.11,181,96,28,10,0.09,0.65,-0.05,
biodegrad,0.13,181,95,28,11,0.1,0.66,-0.04,
biodegrad,0.15,181,96,28,10,0.09,0.65,-0.05,
biodegrad,0.17,182,95,27,11,0.1,0.66,-0.03,
biodegrad,0.19,182,96,27,10,0.09,0.65,-0.04,
biodegrad,0.01,185,101,24,5,0.05,0.65,-0.08,
biodegrad,0.03,186,101,23,5,0.05,0.65,-0.08,
biodegrad,0.05,186,100,23,6,0.06,0.65,-0.07,
biodegrad,0.07,185,101,24,5,0.05,0.65,-0.08,
biodegrad,0.09,185,101,24,5,0.05,0.65,-0.08,
biodegrad,0.11,185,101,24,5,0.05,0.65,-0.08,
biodegrad,0.13,185,100,24,6,0.06,0.65,-0.07,
biodegrad,0.15,186,101,23,5,0.05,0.65,-0.08,
biodegrad,0.17,185,100,24,6,0.06,0.65,-0.07,
biodegrad,0.19,186,101,23,5,0.05,0.65,-0.08,
biodegrad,0.01,186,100,23,6,0.06,0.65,-0.07,
biodegrad,0.03,187,100,22,6,0.06,0.65,-0.06,
biodegrad,0.05,186,101,23,5,0.05,0.65,-0.08,
biodegrad,0.07,186,100,23,6,0.06,0.65,-0.07,
biodegrad,0.09,189,101,20,5,0.05,0.65,-0.06,
biodegrad,0.11,188,101,21,5,0.05,0.65,-0.07,
biodegrad,0.13,187,100,22,6,0.06,0.65,-0.06,
biodegrad,0.15,187,101,22,5,0.05,0.65,-0.07,
biodegrad,0.17,187,100,22,6,0.06,0.65,-0.06,
biodegrad,0.19,186,101,23,5,0.05,0.65,-0.08,
biodegrad,0.01,190,103,19,3,0.03,0.65,-0.08,
biodegrad,0.03,188,102,21,4,0.04,0.65,-0.08,
biodegrad,0.05,188,102,21,4,0.04,0.65,-0.08,
biodegrad,0.07,189,102,20,4,0.04,0.65,-0.07,
biodegrad,0.09,189,102,20,4,0.04,0.65,-0.07,
biodegrad,0.11,190,103,19,3,0.03,0.65,-0.08,
biodegrad,0.13,191,103,18,3,0.03,0.65,-0.07,
biodegrad,0.15,190,103,19,3,0.03,0.65,-0.08,
biodegrad,0.17,191,102,18,4,0.04,0.65,-0.06,
biodegrad,0.19,189,102,20,4,0.04,0.65,-0.07,
biodegrad,0.01,193,104,16,2,0.02,0.65,-0.07,
biodegrad,0.03,193,104,16,2,0.02,0.65,-0.07,
biodegrad,0.05,191,103,18,3,0.03,0.65,-0.07,
biodegrad,0.07,193,103,16,3,0.03,0.65,-0.06,
biodegrad,0.09,194,104,15,2,0.02,0.65,-0.07,
biodegrad,0.11,192,104,17,2,0.02,0.65,-0.08,
biodegrad,0.13,193,103,16,3,0.03,0.65,-0.06,
biodegrad,0.15,192,104,17,2,0.02,0.65,-0.08,
biodegrad,0.17,193,104,16,2,0.02,0.65,-0.07,
biodegrad,0.19,194,103,15,3,0.03,0.65,-0.05,
biodegrad,0.01,193,104,16,2,0.02,0.65,-0.07,
biodegrad,0.03,193,105,16,1,0.01,0.65,-0.08,
biodegrad,0.05,196,104,13,2,0.02,0.65,-0.05,
biodegrad,0.07,196,105,13,1,0.01,0.65,-0.07,
biodegrad,0.09,196,104,13,2,0.02,0.65,-0.05,
biodegrad,0.11,196,104,13,2,0.02,0.65,-0.05,
biodegrad,0.13,195,104,14,2,0.02,0.65,-0.06,
biodegrad,0.15,195,104,14,2,0.02,0.65,-0.06,
biodegrad,0.17,196,104,13,2,0.02,0.65,-0.05,
biodegrad,0.19,196,105,13,1,0.01,0.65,-0.07,
seeds,0.01,8,4,34,17,0.81,0.67,0,
seeds,0.03,7,4,35,17,0.81,0.64,-0.02,
seeds,0.05,7,4,35,17,0.81,0.64,-0.02,
seeds,0.07,7,5,35,16,0.76,0.58,-0.05,
seeds,0.09,8,5,34,16,0.76,0.62,-0.04,
seeds,0.11,8,5,34,16,0.76,0.62,-0.04,
seeds,0.13,8,9,34,12,0.57,0.47,-0.18,
seeds,0.15,8,9,34,12,0.57,0.47,-0.18,
seeds,0.17,8,10,34,11,0.52,0.44,-0.22,
seeds,0.19,10,15,32,6,0.29,0.4,-0.4,
seeds,0.01,8,10,34,11,0.52,0.44,-0.22,
seeds,0.03,8,10,34,11,0.52,0.44,-0.22,
seeds,0.05,8,10,34,11,0.52,0.44,-0.22,
seeds,0.07,8,10,34,11,0.52,0.44,-0.22,
seeds,0.09,8,10,34,11,0.52,0.44,-0.22,
seeds,0.11,8,10,34,11,0.52,0.44,-0.22,
seeds,0.13,8,10,34,11,0.52,0.44,-0.22,
seeds,0.15,8,13,34,8,0.38,0.38,-0.34,
seeds,0.17,9,13,33,8,0.38,0.41,-0.33,
seeds,0.19,11,14,31,7,0.33,0.44,-0.34,
seeds,0.01,10,14,32,7,0.33,0.42,-0.35,
seeds,0.03,10,15,32,6,0.29,0.4,-0.4,
seeds,0.05,10,15,32,6,0.29,0.4,-0.4,
seeds,0.07,10,15,32,6,0.29,0.4,-0.4,
seeds,0.09,10,15,32,6,0.29,0.4,-0.4,
seeds,0.11,10,15,32,6,0.29,0.4,-0.4,
seeds,0.13,10,15,32,6,0.29,0.4,-0.4,
seeds,0.15,9,16,33,5,0.24,0.36,-0.46,
seeds,0.17,9,16,33,5,0.24,0.36,-0.46,
seeds,0.19,12,14,30,7,0.33,0.46,-0.32,
seeds,0.01,12,18,30,3,0.14,0.4,-0.5,
seeds,0.03,11,18,31,3,0.14,0.38,-0.52,
seeds,0.05,12,18,30,3,0.14,0.4,-0.5,
seeds,0.07,12,18,30,3,0.14,0.4,-0.5,
seeds,0.09,12,18,30,3,0.14,0.4,-0.5,
seeds,0.11,12,18,30,3,0.14,0.4,-0.5,
seeds,0.13,12,18,30,3,0.14,0.4,-0.5,
seeds,0.15,12,18,30,3,0.14,0.4,-0.5,
seeds,0.17,12,18,30,3,0.14,0.4,-0.5,
seeds,0.19,13,18,29,3,0.14,0.42,-0.48,
seeds,0.01,14,19,28,2,0.1,0.42,-0.52,
seeds,0.03,14,19,28,2,0.1,0.42,-0.52,
seeds,0.05,14,19,28,2,0.1,0.42,-0.52,
seeds,0.07,14,19,28,2,0.1,0.42,-0.52,
seeds,0.09,14,19,28,2,0.1,0.42,-0.52,
seeds,0.11,14,19,28,2,0.1,0.42,-0.52,
seeds,0.13,14,19,28,2,0.1,0.42,-0.52,
seeds,0.15,14,19,28,2,0.1,0.42,-0.52,
seeds,0.17,15,19,27,2,0.1,0.44,-0.5,
seeds,0.19,16,19,26,2,0.1,0.46,-0.48,
seeds,0.01,15,20,27,1,0.05,0.43,-0.55,
seeds,0.03,15,20,27,1,0.05,0.43,-0.55,
seeds,0.05,15,20,27,1,0.05,0.43,-0.55,
seeds,0.07,15,20,27,1,0.05,0.43,-0.55,
seeds,0.09,15,20,27,1,0.05,0.43,-0.55,
seeds,0.11,15,20,27,1,0.05,0.43,-0.55,
seeds,0.13,15,20,27,1,0.05,0.43,-0.55,
seeds,0.15,15,20,27,1,0.05,0.43,-0.55,
seeds,0.17,16,20,26,1,0.05,0.44,-0.53,
seeds,0.19,16,20,26,1,0.05,0.44,-0.53,
seeds,0.01,16,20,26,1,0.05,0.44,-0.53,
seeds,0.03,17,20,25,1,0.05,0.46,-0.52,
seeds,0.05,17,20,25,1,0.05,0.46,-0.52,
seeds,0.07,17,20,25,1,0.05,0.46,-0.52,
seeds,0.09,17,20,25,1,0.05,0.46,-0.52,
seeds,0.11,17,20,25,1,0.05,0.46,-0.52,
seeds,0.13,17,20,25,1,0.05,0.46,-0.52,
seeds,0.15,17,20,25,1,0.05,0.46,-0.52,
seeds,0.17,17,20,25,1,0.05,0.46,-0.52,
seeds,0.19,17,20,25,1,0.05,0.46,-0.52,
seeds,0.01,18,20,24,1,0.05,0.47,-0.5,
seeds,0.03,18,20,24,1,0.05,0.47,-0.5,
seeds,0.05,19,20,23,1,0.05,0.49,-0.48,
seeds,0.07,19,20,23,1,0.05,0.49,-0.48,
seeds,0.09,19,20,23,1,0.05,0.49,-0.48,
seeds,0.11,19,20,23,1,0.05,0.49,-0.48,
seeds,0.13,19,20,23,1,0.05,0.49,-0.48,
seeds,0.15,19,20,23,1,0.05,0.49,-0.48,
seeds,0.17,19,20,23,1,0.05,0.49,-0.48,
seeds,0.19,19,20,23,1,0.05,0.49,-0.48,
seeds,0.01,18,20,24,1,0.05,0.47,-0.5,
seeds,0.03,18,20,24,1,0.05,0.47,-0.5,
seeds,0.05,18,20,24,1,0.05,0.47,-0.5,
seeds,0.07,18,20,24,1,0.05,0.47,-0.5,
seeds,0.09,18,20,24,1,0.05,0.47,-0.5,
seeds,0.11,18,20,24,1,0.05,0.47,-0.5,
seeds,0.13,18,20,24,1,0.05,0.47,-0.5,
seeds,0.15,18,20,24,1,0.05,0.47,-0.5,
seeds,0.17,18,20,24,1,0.05,0.47,-0.5,
seeds,0.19,18,20,24,1,0.05,0.47,-0.5,
seeds,0.01,22,20,20,1,0.05,0.52,-0.43,
seeds,0.03,22,20,20,1,0.05,0.52,-0.43,
seeds,0.05,21,20,21,1,0.05,0.51,-0.45,
seeds,0.07,21,20,21,1,0.05,0.51,-0.45,
seeds,0.09,21,20,21,1,0.05,0.51,-0.45,
seeds,0.11,21,20,21,1,0.05,0.51,-0.45,
seeds,0.13,21,20,21,1,0.05,0.51,-0.45,
seeds,0.15,21,20,21,1,0.05,0.51,-0.45,
seeds,0.17,21,20,21,1,0.05,0.51,-0.45,
seeds,0.19,21,20,21,1,0.05,0.51,-0.45,
seeds,0.01,23,20,19,1,0.05,0.53,-0.41,
seeds,0.03,23,20,19,1,0.05,0.53,-0.41,
seeds,0.05,23,20,19,1,0.05,0.53,-0.41,
seeds,0.07,23,20,19,1,0.05,0.53,-0.41,
seeds,0.09,23,20,19,1,0.05,0.53,-0.41,
seeds,0.11,23,20,19,1,0.05,0.53,-0.41,
seeds,0.13,23,20,19,1,0.05,0.53,-0.41,
seeds,0.15,23,20,19,1,0.05,0.53,-0.41,
seeds,0.17,23,20,19,1,0.05,0.53,-0.41,
seeds,0.19,23,20,19,1,0.05,0.53,-0.41,
