-11.5914238005
-10.8677309358
-8.5815129311
-4.7372183521
-10.6149406425
-11.0894665842
-8.0380887469
-9.3064701764
-10.5887711638
-11.1639593925
-10.7228991835
-11.5690588297
-10.8033121535
4.5458223503
-11.7188628919
-10.1738318126
-11.0444892507
-11.0770609129
-7.6023601630
-10.6256534469
-11.5209513842
-7.2257228400
-12.1462144852
-10.2158709657
-11.5063038166
-11.6361886638
-10.6332513223
-11.3850670629
-12.0205471764
-11.2835815822
-11.3899229005
-10.7083275690
-11.7325173369
-11.4722534597
-11.3915818372
-9.4580393124
-11.4554749982
-10.0053236287
-10.2079324543
-8.8649488960
-8.8243689439
-9.2428204465
-4.1071803211
-11.3384616128
-11.9450673084
-9.1047978115
-11.1241765507
-11.1526573983
-3.0013008850
-11.2196760514
-10.9881067824
-10.3130299776
-7.3285449368
-6.9130644041
-10.0121060679
-9.2594838226
-11.3525753039
-10.6770618681
-11.5586558699
-11.4389777140
-10.6157091238
-0.0331766884
-2.3667754553
-11.6195323165
-11.1614859431
