-3.5977948766
-2.7518319986
5.5380438278
-5.2174049473
3.3337685595
-4.6573893763
-3.0155345553
-1.3172477812
-1.8329628402
-5.7062469125
0.5508275859
-3.6655797685
-4.0842680674
-1.0662865057
-1.8556932094
-4.7703586338
-3.7506203512
4.4270191837
-4.7365918728
-4.8497186834
-3.1826847650
-2.5798960549
-3.7667107244
2.9999743266
-4.7070122891
-5.2161129036
0.6494625695
-1.7860320023
-5.4478494333
-4.8225356046
-1.8223669118
1.3675924767
-0.2200332898
-3.1126953407
-3.6584499910
-3.8906662495
-0.8155373199
1.2874455215
-5.1678812859
-4.0023360826
0.6790077408
-4.2662096445
3.1036185766
1.5116475155
-1.2540984313
0.4882918622
6.4558836663
-1.8007352764
-1.8406868301
0.4257241179
-2.3081078771
7.2632568965
-1.7805614216
9.4939161432
-2.8137542992
-0.2015904982
-3.8792215055
6.2393530567
-1.8814598330
-3.6236471169
-1.7832867080
-3.3128802772
7.3262843771
