11.14,12.79,0.8558,5.011,2.794,6.388,5.049
11.18,13.04,0.8266,5.22,2.693,3.332,5.001
12.19,13.2,0.8783,5.137,2.981,3.631,4.87
11.49,13.22,0.8263,5.304,2.695,5.388,5.31
11.24,13,0.8359,5.09,2.715,3.521,5.088
15.26,14.84,0.871,5.763,3.312,2.221,5.22
14.88,14.57,0.8811,5.554,3.333,1.018,4.956
14.29,14.09,0.905,5.291,3.337,2.699,4.825
13.84,13.94,0.8955,5.324,3.379,2.259,4.805
16.14,14.99,0.9034,5.658,3.562,1.355,5.175
14.38,14.21,0.8951,5.386,3.312,2.462,4.956
14.03,14.16,0.8796,5.438,3.201,1.717,5.001
13.89,14.02,0.888,5.439,3.199,3.986,4.738
13.78,14.06,0.8759,5.479,3.156,3.136,4.872
13.74,14.05,0.8744,5.482,3.114,2.932,4.825
13.99,13.83,0.9183,5.119,3.383,5.234,4.781
15.69,14.75,0.9058,5.527,3.514,1.599,5.046
14.7,14.21,0.9153,5.205,3.466,1.767,4.649
14.16,14.4,0.8584,5.658,3.129,3.072,5.176
15.88,14.9,0.8988,5.618,3.507,0.7651,5.091
16.19,15.16,0.8849,5.833,3.421,0.903,5.307
13.02,13.76,0.8641,5.395,3.026,3.373,4.825
12.74,13.67,0.8564,5.395,2.956,2.504,4.869
14.11,14.18,0.882,5.541,3.221,2.754,5.038
13.45,14.02,0.8604,5.516,3.065,3.531,5.097
13.16,13.82,0.8662,5.454,2.975,0.8551,5.056
15.49,14.94,0.8724,5.757,3.371,3.412,5.228
14.09,14.41,0.8529,5.717,3.186,3.92,5.299
13.94,14.17,0.8728,5.585,3.15,2.124,5.012
17.08,15.38,0.9079,5.832,3.683,2.956,5.484
14.8,14.52,0.8823,5.656,3.288,3.112,5.309
14.28,14.17,0.8944,5.397,3.298,6.685,5.001
13.54,13.85,0.8871,5.348,3.156,2.587,5.178
13.5,13.85,0.8852,5.351,3.158,2.249,5.176
13.16,13.55,0.9009,5.138,3.201,2.461,4.783
15.5,14.86,0.882,5.877,3.396,4.711,5.528
15.11,14.54,0.8986,5.579,3.462,3.128,5.18
15.36,14.76,0.8861,5.701,3.393,1.367,5.132
14.99,14.56,0.8883,5.57,3.377,2.958,5.175
14.79,14.52,0.8819,5.545,3.291,2.704,5.111
14.86,14.67,0.8676,5.678,3.258,2.129,5.351
14.43,14.4,0.8751,5.585,3.272,3.975,5.144
14.49,14.61,0.8538,5.715,3.113,4.116,5.396
14.33,14.28,0.8831,5.504,3.199,3.328,5.224
15.03,14.77,0.8658,5.702,3.212,1.933,5.439
14.46,14.35,0.8818,5.388,3.377,2.802,5.044
14.92,14.43,0.9006,5.384,3.412,1.142,5.088
15.38,14.77,0.8857,5.662,3.419,1.999,5.222
12.11,13.47,0.8392,5.159,3.032,1.502,4.519
11.42,12.86,0.8683,5.008,2.85,2.7,4.607
11.23,12.63,0.884,4.902,2.879,2.269,4.703
12.36,13.19,0.8923,5.076,3.042,3.22,4.605
13.22,13.84,0.868,5.395,3.07,4.157,5.088
12.88,13.5,0.8879,5.139,3.119,2.352,4.607
14.34,14.37,0.8726,5.63,3.19,1.313,5.15
14.01,14.29,0.8625,5.609,3.158,2.217,5.132
12.73,13.75,0.8458,5.412,2.882,3.533,5.067
17.63,15.98,0.8673,6.191,3.561,4.076,6.06
16.84,15.67,0.8623,5.998,3.484,4.675,5.877
17.26,15.73,0.8763,5.978,3.594,4.539,5.791
19.11,16.26,0.9081,6.154,3.93,2.936,6.079
16.82,15.51,0.8786,6.017,3.486,4.004,5.841
16.77,15.62,0.8638,5.927,3.438,4.92,5.795
17.12,15.55,0.8892,5.85,3.566,2.858,5.746
20.2,16.89,0.8894,6.285,3.864,5.173,6.187
19.57,16.74,0.8779,6.384,3.772,1.472,6.273
19.51,16.71,0.878,6.366,3.801,2.962,6.185
18.27,16.09,0.887,6.173,3.651,2.443,6.197
18.88,16.26,0.8969,6.084,3.764,1.649,6.109
18.98,16.66,0.859,6.549,3.67,3.691,6.498
20.1,16.99,0.8746,6.581,3.785,1.955,6.449
18.81,16.29,0.8906,6.272,3.693,3.237,6.053
18.59,16.05,0.9066,6.037,3.86,6.001,5.877
16.87,15.65,0.8648,6.139,3.463,3.696,5.967
18.98,16.57,0.8687,6.449,3.552,2.144,6.453
18.17,16.26,0.8637,6.271,3.512,2.853,6.273
17.99,15.86,0.8992,5.89,3.694,2.068,5.837
19.46,16.5,0.8985,6.113,3.892,4.308,6.009
19.18,16.63,0.8717,6.369,3.681,3.357,6.229
18.95,16.42,0.8829,6.248,3.755,3.368,6.148
18.83,16.29,0.8917,6.037,3.786,2.553,5.879
18.85,16.17,0.9056,6.152,3.806,2.843,6.2
17.63,15.86,0.88,6.033,3.573,3.747,5.929
18.55,16.22,0.8865,6.153,3.674,1.738,5.894
19.38,16.72,0.8716,6.303,3.791,3.678,5.965
19.13,16.31,0.9035,6.183,3.902,2.109,5.924
20.97,17.25,0.8859,6.563,3.991,4.677,6.316
19.06,16.45,0.8854,6.416,3.719,2.248,6.163
18.96,16.2,0.9077,6.051,3.897,4.334,5.75
20.03,16.9,0.8811,6.493,3.857,3.063,6.32
20.24,16.91,0.8897,6.315,3.962,5.901,6.188
18.14,16.12,0.8772,6.059,3.563,3.619,6.011
16.17,15.38,0.8588,5.762,3.387,4.286,5.703
18.43,15.97,0.9077,5.98,3.771,2.984,5.905
15.99,14.89,0.9064,5.363,3.582,3.336,5.144
17.98,15.85,0.8993,5.979,3.687,2.257,5.919
20.16,17.03,0.8735,6.513,3.773,1.91,6.185
18.3,15.89,0.9108,5.979,3.755,2.837,5.962
15.38,14.9,0.8706,5.884,3.268,4.462,5.795
15.56,14.89,0.8823,5.776,3.408,4.972,5.847
15.38,14.66,0.899,5.477,3.465,3.6,5.439
17.36,15.76,0.8785,6.145,3.574,3.526,5.971
15.57,15.15,0.8527,5.92,3.231,2.64,5.879
